#gate	 #BASE
1		 0.08
6		 0.13
11		 0.19
16		 0.30
21		 0.31
26		 0.38
31		 0.51
36		 0.49
41		 0.52
46		 0.57
51		 0.82
56		 1.47
61		 1.59
66		 2.42
71		 2.16
76		 1.63
81		 5.87
86		 2.59
91		 3.89
96		 5.47
101		 2.50
#gate	 #BASE
1		 0.14
2		 0.16
3		 0.19
4		 0.27
5		 0.21
6		 0.34
7		 0.34
8		 0.37
9		 0.43
10		 0.47
11		 0.42
12		 0.52
13		 0.53
14		 0.54
15		 0.57
16		 0.60
17		 0.90
18		 0.70
19		 0.56
20		 0.60
21		 0.66
22		 1.13
23		 0.65
24		 0.80
25		 0.88
26		 0.83
27		 0.81
28		 0.97
29		 0.68
30		 0.79
31		 1.06
32		 0.96
33		 0.62
34		 0.71
35		 0.97
36		 1.05
37		 1.18
38		 0.89
39		 1.49
40		 1.12
41		 1.19
42		 1.67
43		 1.12
44		 1.99
45		 1.08
46		 1.10
47		 0.81
48		 2.08
49		 1.07
50		 1.45
51		 1.85
52		 1.42
53		 1.68
54		 2.74
55		 1.76
56		 3.35
57		 3.32
58		 2.97
59		 2.23
60		 5.91
61		 3.54
62		 2.35
63		 3.51
64		 2.91
65		 3.72
66		 5.24
67		 4.53
68		 4.08
69		 3.45
70		 2.40
71		 4.59
72		 6.53
73		 4.62
74		 6.08
75		 3.58
76		 3.27
77		 3.54
78		 3.25
79		 6.46
80		 6.19
81		 12.09
82		 10.01
83		 7.55
84		 3.97
85		 9.38
86		 4.64
87		 3.58
88		 4.54
89		 3.77
90		 12.33
91		 6.55
92		 7.10
93		 8.08
94		 19.55
95		 5.55
96		 9.23
97		 7.74
98		 4.48
99		 4.47
100		 4.56
101		 4.55
