#MUX2			#DUM			#MUX2/AMOUNT			#Time
199			1			99.0			40.19366502762
198			2			99.0			30.77715301514
197			3			98.0			40.27267217636
196			4			98.0			40.11820888519
195			5			97.0			40.00843095779
194			6			97.0			40.41168093681
193			7			96.0			40.18351101875
192			8			96.0			50.00742816925
191			9			95.0			40.19331097603
190			10			95.0			50.19180107117
189			11			94.0			40.28862094879
188			12			94.0			50.45511603355
187			13			93.0			40.65120410919
186			14			93.0			70.02524495125
185			15			92.0			50.18301200867
184			16			92.0			40.92811512947
183			17			91.0			50.52605009079
182			18			91.0			50.05003595352
181			19			90.0			60.29288911819
180			20			90.0			40.65093493462
179			21			89.0			50.56655597687
178			22			89.0			60.20892381668
177			23			88.0			50.86776995659
176			24			88.0			50.90670800209
175			25			87.0			80.51481986046
174			26			87.0			40.97619318962
173			27			86.0			40.9121119976
172			28			86.0			70.27648591995
171			29			85.0			120.039167881
170			30			85.0			50.99180912971
169			31			84.0			90.99920797348
168			32			84.0			50.4740011692
167			33			83.0			70.64456701279
166			34			83.0			70.71183013916
165			35			82.0			60.2601211071
164			36			82.0			50.78811120987
163			37			81.0			60.42401099205
162			38			81.0			80.60290598869
161			39			80.0			60.42652511597
160			40			80.0			100.432117939
159			41			79.0			90.04378700256
158			42			79.0			70.28808784485
157			43			78.0			60.42046713829
156			44			78.0			90.77707386017
155			45			77.0			160.0328691006
154			46			77.0			140.0389509201
153			47			76.0			70.22063207626
152			48			76.0			70.07808494568
151			49			75.0			120.3406131268
150			50			75.0			130.9789009094
149			51			74.0			80.7992169857
148			52			74.0			24.7513480186
147			53			73.0			80.21492910385
146			54			73.0			160.1243040562
145			55			72.0			90.27730488777
144			56			72.0			41.4780848026
143			57			71.0			100.1480031013
142			58			71.0			160.1160509586
141			59			70.0			130.4114639759
140			60			70.0			150.8109371662
139			61			69.0			80.35169887543
138			62			69.0			80.99964904785
137			63			68.0			110.5379838943
136			64			68.0			150.7712550163
135			65			67.0			130.7269608974
134			66			67.0			200.7478010654
133			67			66.0			31.6856918335
132			68			66.0			24.9228849411
131			69			65.0			160.1380410194
130			70			65.0			180.6598210335
129			71			64.0			30.3807468414
128			72			64.0			130.4697959423
127			73			63.0			130.2909970284
126			74			63.0			130.332118988
125			75			62.0			37.493639946
124			76			62.0			70.74949002266
123			77			61.0			320.6879990101
122			78			61.0			110.3779060841
121			79			60.0			200.8890271187
120			80			60.0			110.5717630386
119			81			59.0			41.4499409199
118			82			59.0			220.1652638912
117			83			58.0			180.2092108727
116			84			58.0			160.8868169785
115			85			57.0			110.2090249062
114			86			57.0			140.8124759197
113			87			56.0			120.8885729313
112			88			56.0			150.8208050728
111			89			55.0			140.3515548706
110			90			55.0			220.7526500225
109			91			54.0			240.4646170139
108			92			54.0			240.864426136
107			93			53.0			130.3350608349
106			94			53.0			140.8395199776
105			95			52.0			250.5658569336
104			96			52.0			270.8334860802
103			97			51.0			200.1966209412
102			98			51.0			38.1414020061
101			99			50.0			129.422498941
100			100			50.0			150.0321469307
99			101			49.0			270.3419110775
98			102			49.0			240.0935349464
97			103			48.0			110.2827141285
96			104			48.0			55.4022920132
95			105			47.0			58.207613945
94			106			47.0			32.9611849785
93			107			46.0			43.8954839706
92			108			46.0			160.0093507767
91			109			45.0			39.0527620316
90			110			45.0			36.4960379601
89			111			44.0			26.7560310364
88			112			44.0			75.8673222065
87			113			43.0			27.5461170673
86			114			43.0			73.0524420738
85			115			42.0			32.2304158211
84			116			42.0			28.1686739922
83			117			41.0			103.715261221
82			118			41.0			66.1137909889
81			119			40.0			59.8329851627
80			120			40.0			34.7859590054
79			121			39.0			220.4243900776
78			122			39.0			67.7128059864
77			123			38.0			46.1265771389
76			124			38.0			26.4069139957
75			125			37.0			67.0909729004
74			126			37.0			290.7576849461
73			127			36.0			140.0771830082
72			128			36.0			36.408395052
71			129			35.0			109.962476015
70			130			35.0			250.3830020428
69			131			34.0			57.6639208794
68			132			34.0			37.5318291187
67			133			33.0			82.2285349369
66			134			33.0			88.8777780533
65			135			32.0			52.0413198471
64			136			32.0			260.8094911575
63			137			31.0			64.5391330719
62			138			31.0			290.9526369572
61			139			30.0			22.9222939014
60			140			30.0			150.384277105
59			141			29.0			62.3440339565
58			142			29.0			180.431468964
57			143			28.0			99.621366024
56			144			28.0			106.203492165
55			145			27.0			38.7403891087
54			146			27.0			46.2163271904
53			147			26.0			209.499382019
52			148			26.0			102.250672102
51			149			25.0			40.8862829208
50			150			25.0			77.8710308075
49			151			24.0			143.563026905
48			152			24.0			36.9193332195
47			153			23.0			266.532659054
46			154			23.0			47.1908791065
45			155			22.0			109.058432102
44			156			22.0			58.6740098
43			157			21.0			53.9445312023
42			158			21.0			43.1767840385
41			159			20.0			49.1617479324
40			160			20.0			169.578997135
39			161			19.0			48.2584648132
38			162			19.0			110.177218914
37			163			18.0			183.953778028
36			164			18.0			204.869524956
35			165			17.0			87.9350171089
34			166			17.0			236.776097059
33			167			16.0			113.740952015
32			168			16.0			209.566580057
31			169			15.0			114.687375069
30			170			15.0			237.00434804
29			171			14.0			199.929939032
28			172			14.0			459.53811121
27			173			13.0			223.774363041
26			174			13.0			452.815114975
25			175			12.0			105.166047096
24			176			12.0			73.0010859966
23			177			11.0			145.413980007
22			178			11.0			190.264580011
21			179			10.0			507.961462975
20			180			10.0			148.154159069
19			181			9.0			451.462521076
18			182			9.0			212.458268166
17			183			8.0			98.8461260796
16			184			8.0			269.672708988
15			185			7.0			271.428366184
14			186			7.0			91.8062298298
13			187			6.0			184.879532814
12			188			6.0			1386.41419101
11			189			5.0			200.06038022
10			190			5.0			141.534283876
9			191			4.0			176.052427053
8			192			4.0			189.648724079
7			193			3.0			578.357524157
6			194			3.0			311.280074835
5			195			2.0			242.949289799
4			196			2.0			232.846272945
3			197			1.0			194.904657125
2			198			1.0			234.800865889
1			199			0.0			117.537657022
