#1		2		3	4	5	6	7	8	9	10	11	12	13	14	15	16	17	18	19	20	21	22	23	24	25	26	27	28	29
#		c432					c499					c880					c1355						c1908						c2670						c3540					c5315					c7552		
#		max		min		avg		max		min		avg		max		min		avg		max		min		avg			max		min		avg			max		min		avg			max		min		avg		max		min		avg		max		min		avg
1		0.18	0.1		0.119	0.21	0.09	0.126	0.34	0.14	0.198	0.21	0.14	0.172		0.38	0.23	0.283		0.57	0.27	0.389		3.01	1.56	2.257	1.36	1.2		1.258	2.16	1.89	2.012
6		0.49	0.14	0.275	0.45	0.19	0.27	0.49	0.3		0.349	0.96	0.36	0.481		0.76	0.42	0.576		1.25	0.71	0.972		3.6		2.26	2.797	3.26	2.57	2.863	4.76	3.53	4.235
11		0.92	0.23	0.514	0.71	0.29	0.431	0.85	0.4		0.603	1.58	0.5		0.745		1.22	0.64	0.969		3.14	0.81	1.812		5.08	3.52	4.369	4.96	3.99	4.42	7.07	5.79	6.351
16		0.77	0.32	0.49	0.94	0.4		0.625	1.55	0.63	0.834	1.67	0.55	1.106		2.03	0.97	1.49		3.49	1.96	2.758		6.19	3.57	5.151	7.2		5.08	6.085	9.27	5.55	8.088
21		1.17	0.41	0.808	1.26	0.57	0.844	1.38	0.75	1.053	2.42	1.22	1.77		2.37	1.05	1.776		5.65	3.12	4.226		7.35	5.53	6.523	8.55	6.01	7.06	10.85	7.63	8.856
26		1.5		0.81	1.143	1.97	0.7		1.008	1.99	1.15	1.475	4.2		2.37	3.37		3.75	1.87	2.606		22.01	3.62	6.985		8.63	6.49	7.458	11.61	6.78	8.754	14.56	9.16	11.36
31		1.82	0.85	1.226	1.7		0.83	1.187	2.99	1.19	2.097	9.66	3.01	5.539		3.89	2.49	3.16		17.83	5.64	9.219		10.63	7.93	8.692	13.39	8.38	10.842	15.4	11.14	13.03
36		2.05	1.29	1.65	2.9		0.93	1.908	3.02	1.53	2.357	10.78	4.51	7.146		5.49	3.47	4.354		13.14	5.53	8.274		10.53	7.77	9.338	14.01	11.1	12.134	17.88	12.04	14.884
41		2.13	1.28	1.616	3.54	1.32	2.069	5.46	2.35	3.174	14.45	3.55	7.987		9.13	3.64	5.493		12.91	8.24	10.282		13.26	9.65	10.918	17.57	10.03	14.105	25.92	15.29	18.056
46		4.06	1.32	2.3		4.54	1.37	2.708	5.36	2.74	4.109	12.74	5.51	8.908		10.89	4.25	5.869		23.76	8.28	13.402		13.38	9.41	11.465	18.64	11.46	14.593	22.75	15.02	19.151
51		5.2		2.1		3.451	7.23	2.33	3.878	6.58	3.34	5.098	17.06	10.31	13.476		8.8		5.27	6.805		31.98	11.9	18.009		15.64	9.96	12.245	22.21	13.79	17.223	30.04	19.4	24.462
56		8.82	3.37	5.11	5.95	2.88	4.508	7.08	4.65	6.235	39.45	11.62	21.717		10.91	5.46	7.657		79.5	13.68	24.453		15.9	12.4	14.183	25.7	11.96	18.674	31.29	19.24	24.886
61		7		4.61	5.455	10.51	3.91	6.225	9.88	5.8		7.535	43.66	9.16	20.384		11.18	6.86	8.096		42.74	12.89	27.028		19.34	12.4	16.056	25		13.3	20.493	37.01	20.69	25.385
66		9.82	6.11	6.998	7.55	4.89	6.166	11.45	5.9		7.499	55.13	11.26	28.952		11.19	7.94	9.112		99.61	12.73	38.252		20.23	14.87	17.923	26.66	15.89	22.73	35.2	24.17	30.093
71		11.98	5.23	8.273	16.71	5.2		8.249	11.71	5.81	8.532	63.67	18.35	38.53		15.22	6.8		10.76		98.8	17.57	38.927		21.1	15.49	18.093	26.59	20.4	23.54	39.78	23.44	31.23
76		11.24	5.77	7.841	10.66	6.17	8.243	12.37	7.74	10.182	61.88	12.84	28.084		23.84	8.71	13.485		85.66	20.87	43.718		27.22	16.75	20.026	36.38	24.08	27.721	49.32	27.07	34.216
81		13.36	7.72	10.124	14.17	6.66	9.918	15.2	9.04	11.013	86.11	16.55	51.619		13.66	10.56	12.265		172.51	20.72	80.3		23.89	17.37	20.085	34.61	22.73	27.141	60.25	30.36	43.331
86		15.97	8.04	11.043	11.35	6.84	9.252	16.06	8.9		12.326	82.74	20.04	47.199		30.12	12.03	17.717		374.29	42.22	111.12		29.15	18.31	23.911	39.53	26.57	32.688	62.77	34.91	44.157
91		15.83	8.47	11.973	13.86	7.43	10.482	16.29	9.82	12.716	241.01	24.93	65.676		29.41	12.2	19.627		311.26	27.68	100.683		27.15	21.74	23.833	41.64	24.57	32.383	65.19	35.46	49.524
96		14.87	9.86	11.871	21.2	9.66	13.629	18.85	9.85	14.28	108.79	18.1	58.932		44.08	17.98	26.597		2596.31	38.09	485.969		26.37	18.24	22.442	42.44	31.2	35.633	66.98	36.05	49.36
101		24.44	9.27	15.419	18.31	6.67	11.96	22.4	11.59	16.209	247.54	33.62	109.636		94.09	15.94	29.757		176.27	31.47	79.137		29.71	22.47	25.876	45.55	35.73	40.446	66.16	41.77	50.346
106		23.22	11.84	16.707	18.3	9		12.061	21.49	11.91	15.56	115.4	44.87	79.473		33.94	17.76	25.972		703.39	55.69	231.045		33.46	23.65	28.67	51.98	38.49	42.781	75.85	50.98	60.368
111		24.01	14.2	18.379	15.34	6.96	10.957	24.78	13.98	18.63	338.15	73.24	168.433		39.52	21.54	29.62		1555.47	43.09	281.571		33.38	27.1	31.028	49.54	40.22	44.818	95.95	47.66	67.517
116		36.94	11.64	18.866	17.83	6.04	11.159	21.36	16.42	18.678	230.45	67.39	149.662		59.76	20.89	39.036		2849.76	52.03	638.919		39.1	27.43	33.003	56.04	41.94	47.917	96.01	55.41	74.202
121		25.09	13.45	18.4	24.36	6.73	14.923	32.34	16.56	21.066	589.37	57.53	191.655		102.29	26.55	59.848		2663.13	71.69	938.341		43.71	26.16	33.046	57.93	38.86	50.683	96.84	58.96	73.565
126		27.96	14.42	21.35	16.98	4.44	10.852	33.97	20.12	25.013	309.73	50.99	136.92		879.79	19.3	119.743		3002.33	33.09	432.341		40.58	28.16	35.092	63.28	44.65	52.952	97.75	56.76	77.103
131		34.49	15.01	22.706	24.09	8.35	14.366	37.73	15.97	26.041	565.23	67.21	239.037		279.28	32.85	76.089		1426.61	90.47	361.575		43.98	31.55	37.714	75.12	46.67	61.749	165.03	64.12	97.424
136		34.24	16.7	24.939	21.95	7.72	11.286	31.87	21.69	26.068	276.57	48.06	170.643		107.66	41.29	69.235		3601.62	36.51	1239.413	48.22	30.32	38.998	85.19	50.96	65.965	113.37	62.73	88.191
141		36.81	20.09	25.267	34.14	5.46	14.581	32.34	21.51	26.743	1268.62	159.12	407.051		202.43	31.79	78.345		3050.58	134.42	661.242		46.8	33.29	40.055	83.46	54.83	71.581	138.32	61.82	101.17
146		38.42	16.56	24.651	25.84	5.51	13.796	51.68	20.36	30.162	2330.12	60.41	438.434		399.04	42.25	130.511		3605.56	146.03	1527.281	46.45	33.62	42.006	83.03	59.4	71.372	137.39	89.06	112.244
151		41.97	20.86	28.375	20.13	5.88	12.359	42.47	22.17	32.52	1235.25	98.76	422.601		288.82	39.53	118.573		3615.45	112.68	1073.698	48.62	38.87	45.257	125.78	55.83	82.222	133.46	76.46	98.51
156		36.64	14.9	24.77	18.98	8.08	13.439	46.15	27.57	35.265	1755.35	124.87	586.622		665.28	40.59	168.699		3602.52	151.71	1163.494	61.16	40.06	46.69	91.68	67.73	78.336	128.64	66.12	101.779
161		42.61	17.79	29.527	26.52	5.91	12.014	44.42	33.04	37.623	814.26	99.88	376.856		1197.99	58.79	230.293		3604.55	190.5	1676.009	56.71	43.93	49.232	106.65	75.92	89.984	142.07	58.87	93.444
166		43.13	18.23	28.761	29.04	6.71	16.311	54.47	25.56	40.347	1657.19	138.16	839.298		62.94	49.07	189.704		3607.24	856.8	2668.102	71.82	49.12	54.474	114.29	68.19	88.537	121.25	69.26	98.596
171		38.43	20.01	28.148	23.09	7.92	14.227	63.07	28.67	42.096	1215.12	182.05	530.888		353.25	78.05	161.625		3605.37	269.78	2615.43		71.51	44.13	57.735	99.84	68.08	82.177	139.96	78.77	102.516
176		41.62	24.43	27.488	19.06	6.59	12.121	65.25	32.66	50.598	2811.89	268.92	951.727		367.77	67.74	156.376		3620.49	244.99	2158.679	72.06	47.7	56.587	95.48	68.06	82.557	168.1	92.58	120.136
181		35.9	19.8	27.446	20.59	7.21	13.467	68.31	37.28	50.347	3872.55	158.31	920.608		326.23	42.17	161.655		3604.88	453.08	2518.567	77.9	57.78	65.534	107.64	84.4	93.537	160.61	79.79	114.509
186		40.38	18.47	26.718	17.1	6.86	10.827	66.36	38.95	52.228	1496.49	292.19	606.191		933.68	50.54	334.013		3605.06	499.6	2274.743	82.75	59.94	68.089	129.44	66.14	91.049	181.17	83.01	112.665
191		37.63	20.5	29.748	21.32	8.01	12.567	66.21	37.71	52.023	4424.8	109.44	1361.557	1565.53	105.53	710.593		3724.39	237.85	2753.281	73.51	56.61	66.218	120.22	67.3	92.843	191.65	78.31	125.904
196		43.1	19.63	29.456	19.23	7.06	13.709	78.56	47.86	62.849	3651.46	220.87	1439.399	7150.96	83.55	1153.759	3605.87	255.62	2880.13		79.83	55.69	68.336	103.34	63.82	78.816	188.81	99.54	142.067
201		32.88	22.13	27.365	20.88	7.79	13.579	88.98	47.7	61.629	3704.7	633.55	1622.243	1185.87	101.22	464.516		3604.61	530.9	2997.683	88.87	58.09	75.017	112.32	60.28	86.868	242.62	97.27	139.23