
#gate	 #BASE
1		 1.63
2		 1.52
3		 1.75
4		 1.64
5		 2.81
6		 2.98
7		 3.13
8		 2.93
9		 3.01
10		 3.06
11		 3.93
12		 4.26
13		 3.25
14		 4.37
15		 4.90
16		 4.78
17		 5.27
18		 4.71
19		 4.67
20		 4.34
21		 5.59
22		 4.76
23		 4.81
24		 5.26
25		 6.23
26		 5.72
27		 5.31
28		 6.03
29		 6.01
30		 5.86
31		 5.62
32		 5.90
33		 6.33
34		 6.29
35		 6.74
36		 6.69
37		 7.32
38		 6.94
39		 6.39
40		 5.53
41		 6.75
42		 8.14
43		 7.21
44		 7.27
45		 7.92
46		 8.28
47		 7.60
48		 6.48
49		 8.48
50		 7.90
51		 8.41
52		 11.72
53		 11.92
54		 10.19
55		 10.96
56		 9.93
57		 10.26
58		 12.76
59		 11.22
60		 11.72
61		 10.23
62		 11.83
63		 12.25
64		 10.66
65		 10.61
66		 11.25
67		 13.34
68		 13.30
69		 11.13
70		 12.90
71		 10.04
72		 11.03
73		 10.64
74		 12.96
75		 12.47
76		 14.00
77		 11.22
78		 11.98
79		 13.03
80		 13.83
81		 14.39
82		 12.38
83		 14.64
84		 13.90
85		 11.90
86		 14.73
87		 15.85
88		 13.54
89		 12.65
90		 14.69
91		 16.60
92		 14.40
93		 14.96
94		 12.43
95		 17.62
96		 18.16
97		 16.16
98		 15.14
99		 16.79
100		 16.59
101		 19.72
102		 15.78
103		 16.29
104		 17.74
105		 19.20
106		 20.28
107		 24.09
108		 15.73
109		 17.13
110		 20.13
111		 20.53
112		 19.39
113		 20.35
114		 19.58
115		 18.42
116		 18.12
117		 24.26
118		 21.92
119		 23.59
120		 25.28
121		 19.96
122		 23.55
123		 28.13
124		 26.76
125		 21.94
126		 24.41
127		 21.53
128		 19.23
129		 25.73
130		 21.12
131		 24.02
132		 26.58
133		 25.23
134		 24.19
135		 23.81
136		 23.37
137		 27.67
138		 28.72
139		 26.31
140		 31.24
141		 27.02
142		 33.11
143		 25.45
144		 22.59
145		 35.15
146		 26.90
147		 27.56
148		 36.35
149		 29.71
150		 34.20
151		 28.65
152		 33.20
153		 30.20
154		 28.28
155		 34.00
156		 32.50
157		 33.19
158		 35.64
159		 37.16
160		 34.56
161		 33.58
162		 34.10
163		 32.74
164		 33.53
165		 43.73
166		 40.33
167		 44.12
168		 37.74
169		 43.84
170		 36.02
171		 41.18
172		 37.06
173		 33.33
174		 31.32
175		 29.52
176		 29.59
177		 39.18
178		 44.17
179		 33.80
180		 35.08
181		 36.28
182		 34.59
183		 34.16
184		 38.79
185		 44.43
186		 34.69
187		 35.04
188		 37.00
189		 40.94
190		 41.90
191		 41.86
192		 33.78
193		 36.76
194		 35.74
195		 44.60
196		 40.03
197		 41.12
198		 43.82
199		 45.28
200		 45.16
201		 45.30
