#Number of gate                  #BASE
1                   	 0.12
2                    	 0.13
3                    	 0.13
3                    	 0.14
5                    	 0.15
6                    	 0.12
7                    	 0.15
8                    	 0.17
9                    	 0.18
10                    	 0.17
11                    	 0.14
12                    	 0.15
13                    	 0.14
14                    	 0.16
15                    	 0.15
16                    	 0.13
17                    	 0.22
18                    	 0.14
19                    	 0.16
20                    	 0.19
21                    	 0.13
22                    	 0.23
23                    	 0.46
24                    	 0.24
25                    	 0.36
26                    	 0.73
27                    	 0.22
28                    	 0.63
29                    	 0.13
30                    	 0.22
31                    	 1.11
32                    	 0.19
33                    	 0.47
34                    	 0.25
35                    	 0.41
36                    	 0.34
37                    	 0.56
38                    	 0.29
39                    	 1.11
40                    	 0.56
41                    	 1.64
42                    	 1.87
43                    	 1.18
