
#gate	 #BASE
1		 0.11
2		 0.12
3		 0.18
4		 0.20
5		 0.23
6		 0.23
7		 0.36
8		 0.57
9		 0.34
10		 0.37
11		 0.36
12		 0.47
13		 0.59
14		 0.64
15		 0.62
16		 1.14
17		 0.80
18		 0.93
19		 1.38
20		 2.05
21		 1.56
22		 2.28
23		 1.88
24		 3.36
25		 2.98
26		 2.02
27		 4.75
28		 4.12
29		 7.12
30		 6.93
31		 6.70
32		 5.81
33		 5.49
34		 6.25
35		 4.12
36		 6.88
37		 4.94
38		 5.39
39		 3.20
40		 11.25
41		 3.42
42		 7.32
43		 13.02
44		 14.69
45		 6.80
46		 8.17
47		 4.64
48		 7.03
49		 3.79
50		 12.12
51		 7.82
52		 9.66
53		 25.75
54		 6.03
55		 7.44
56		 9.30
57		 6.75
58		 10.99
59		 10.17
60		 7.35
61		 14.30
62		 6.81
63		 6.08
64		 13.53
65		 18.18
66		 9.74
67		 9.53
68		 21.41
69		 8.29
70		 18.21
71		 8.68
72		 9.20
73		 10.26
74		 12.72
75		 21.43
76		 15.55
77		 26.27
78		 7.34
79		 20.33
80		 29.59
81		 34.30
82		 17.44
83		 22.65
84		 12.30
85		 16.90
86		 28.25
87		 15.80
88		 16.19
89		 25.69
90		 15.30
91		 30.48
92		 11.71
93		 15.42
94		 15.32
95		 18.67
96		 15.92
97		 21.70
98		 68.64
99		 48.86
100		 20.20
101		 28.52
102		 45.22
103		 16.03
104		 57.87
105		 36.74
106		 23.01
107		 106.82
108		 45.54
109		 54.32
110		 70.13
111		 29.20
112		 46.18
113		 24.45
114		 55.38
115		 31.71
116		 40.26
117		 68.27
118		 26.03
119		 72.77
120		 75.30
121		 29.89
122		 45.79
123		 43.16
124		 78.54
125		 46.04
126		 196.06
127		 119.55
128		 130.28
129		 119.79
130		 96.87
131		 153.78
132		 77.60
133		 142.61
134		 174.35
135		 243.40
136		 47.66
137		 160.55
138		 74.65
139		 95.33
140		 192.75
141		 133.71
142		 93.62
143		 154.75
144		 930.47
145		 905.76
146		 252.96
147		 31.81
148		 79.23
149		 130.29
150		 150.73
151		 66.45
152		 183.15
153		 487.75
154		 106.48
155		 74.16
156		 88.76
157		 381.70
158		 823.60
159		 312.34
160		 52.09
161		 92.16
162		 401.63
163		 102.85
164		 898.06
165		 1097.95
166		 152.06
167		 151.25
168		 322.32
169		 287.06
170		 575.20
171		 422.41
172		 358.55
173		 521.04
174		 1795.27
175		 1094.85
176		 608.53
177		 603.61
178		 4009.24
179		 1522.02
180		 841.86
181		 4621.77
182		 1091.00
183		 2428.25
184		 1617.89
185		 1323.70
186		 1668.32
187		 1756.87
188		 3918.50
189		 345.46
190		 282.57
191		 3747.76
192		 1198.86
193		 829.67
194		 2972.96
195		 3993.30
196		 962.53
197		 1668.36
198		 1749.32
199		 439.45
200		 1064.04
201		 878.57

