#MUX2			#DUM			#MUX2/AMOUNT			#Time
199			1			99.0			4.55837488174
198			2			99.0			5.05487680435
197			3			98.0			5.30960702896
196			4			98.0			5.58507013321
195			5			97.0			5.52617716789
194			6			97.0			5.48116207123
193			7			96.0			5.32358598709
192			8			96.0			6.00886511803
191			9			95.0			5.96643805504
190			10			95.0			6.09365105629
189			11			94.0			5.67846107483
188			12			94.0			8.07540082932
187			13			93.0			7.20790886879
186			14			93.0			7.2552280426
185			15			92.0			9.36901307106
184			16			92.0			6.50679898262
183			17			91.0			7.49406313896
182			18			91.0			6.94978809357
181			19			90.0			6.78169584274
180			20			90.0			8.61161899567
179			21			89.0			8.27891516685
178			22			89.0			8.99371194839
177			23			88.0			7.54723978043
176			24			88.0			7.52252197266
175			25			87.0			10.3377370834
174			26			87.0			9.76795387268
173			27			86.0			8.71744680405
172			28			86.0			10.100673914
171			29			85.0			9.73146986961
170			30			85.0			9.1181678772
169			31			84.0			9.29086399078
168			32			84.0			8.86383390427
167			33			83.0			7.67141509056
166			34			83.0			8.83825302124
165			35			82.0			11.076184988
164			36			82.0			10.9217400551
163			37			81.0			8.74592900276
162			38			81.0			8.65104103088
161			39			80.0			9.27693605423
160			40			80.0			8.71169400215
159			41			79.0			7.9951300621
158			42			79.0			9.48648309708
157			43			78.0			11.2624700069
156			44			78.0			10.1175408363
155			45			77.0			11.1863369942
154			46			77.0			8.84079790115
153			47			76.0			10.7290530205
152			48			76.0			8.73054695129
151			49			75.0			12.9959599972
150			50			75.0			10.7152528763
149			51			74.0			11.6870279312
148			52			74.0			9.83925580978
147			53			73.0			11.9960560799
146			54			73.0			10.3135538101
145			55			72.0			10.9619829655
144			56			72.0			10.5738651752
143			57			71.0			10.6044521332
142			58			71.0			13.110298872
141			59			70.0			12.3638260365
140			60			70.0			10.7168598175
139			61			69.0			13.8501799107
138			62			69.0			13.4837219715
137			63			68.0			13.3686261177
136			64			68.0			10.5613019466
135			65			67.0			12.2649819851
134			66			67.0			11.8021380901
133			67			66.0			14.8163201809
132			68			66.0			13.0392830372
131			69			65.0			15.7184369564
130			70			65.0			12.647300005
129			71			64.0			18.9643478394
128			72			64.0			14.4748599529
127			73			63.0			18.6945960522
126			74			63.0			18.8124518394
125			75			62.0			14.3465049267
124			76			62.0			13.8346509933
123			77			61.0			13.215970993
122			78			61.0			13.7731928825
121			79			60.0			15.3685240746
120			80			60.0			19.9914479256
119			81			59.0			20.3463599682
118			82			59.0			21.7881600857
117			83			58.0			20.3867080212
116			84			58.0			16.86445117
115			85			57.0			19.533274889
114			86			57.0			18.4362111092
113			87			56.0			17.3713331223
112			88			56.0			16.8294658661
111			89			55.0			22.8041579723
110			90			55.0			20.5733041763
109			91			54.0			13.3350050449
108			92			54.0			20.3684570789
107			93			53.0			17.3008480072
106			94			53.0			19.6494059563
105			95			52.0			21.0090141296
104			96			52.0			23.3674600124
103			97			51.0			19.1421740055
102			98			51.0			19.9782671928
101			99			50.0			25.9195477962
100			100			50.0			16.5708050728
99			101			49.0			25.5972869396
98			102			49.0			23.5397331715
97			103			48.0			22.5748639107
96			104			48.0			17.9887700081
95			105			47.0			27.2004330158
94			106			47.0			26.7236051559
93			107			46.0			19.9351730347
92			108			46.0			23.8119859695
91			109			45.0			22.3159890175
90			110			45.0			27.539411068
89			111			44.0			24.4035379887
88			112			44.0			25.3068118095
87			113			43.0			35.716178894
86			114			43.0			25.1765339375
85			115			42.0			33.9325690269
84			116			42.0			21.3088760376
83			117			41.0			19.2002949715
82			118			41.0			21.5856699944
81			119			40.0			23.665915966
80			120			40.0			32.8059179783
79			121			39.0			23.4831101894
78			122			39.0			22.9008960724
77			123			38.0			25.9953079224
76			124			38.0			23.7617988586
75			125			37.0			33.2473268509
74			126			37.0			80.372797966
73			127			36.0			34.8360960484
72			128			36.0			26.968734026
71			129			35.0			31.257917881
70			130			35.0			37.8325719833
69			131			34.0			27.4288849831
68			132			34.0			31.9198698997
67			133			33.0			41.9117689133
66			134			33.0			29.4867761135
65			135			32.0			28.83218503
64			136			32.0			37.2795600891
63			137			31.0			35.7455949783
62			138			31.0			32.0117211342
61			139			30.0			32.446844101
60			140			30.0			38.9159519672
59			141			29.0			82.8288350105
58			142			29.0			39.4004218578
57			143			28.0			44.1582570076
56			144			28.0			52.1910290718
55			145			27.0			29.7112140656
54			146			27.0			51.9783961773
53			147			26.0			51.9656589031
52			148			26.0			43.0113890171
51			149			25.0			77.328510046
50			150			25.0			36.3745470047
49			151			24.0			41.4680309296
48			152			24.0			44.680325985
47			153			23.0			60.0895249844
46			154			23.0			39.8239920139
45			155			22.0			58.3476228714
44			156			22.0			64.0512709618
43			157			21.0			64.4763262272
42			158			21.0			75.0372579098
41			159			20.0			70.9869019985
40			160			20.0			72.8577890396
39			161			19.0			103.692912102
38			162			19.0			75.4997649193
37			163			18.0			60.5487990379
36			164			18.0			48.7535970211
35			165			17.0			102.755579948
34			166			17.0			92.2442219257
33			167			16.0			124.329455137
32			168			16.0			78.487637043
31			169			15.0			49.5851590633
30			170			15.0			100.460101128
29			171			14.0			105.256133795
28			172			14.0			62.0287950039
27			173			13.0			76.9062159061
26			174			13.0			99.7537791729
24			176			12.0			62.653881073
23			177			11.0			65.2645130157
21			179			10.0			42.9923620224
20			180			10.0			51.5853209496
19			181			9.0			77.0186369419
18			182			9.0			107.026437044
17			183			8.0			100.74790597
16			184			8.0			97.2077310085
15			185			7.0			98.1129038334
14			186			7.0			118.465553999
13			187			6.0			103.454486847
12			188			6.0			88.9528150558
11			189			5.0			90.5674371719
9			191			4.0			164.059376001
8			192			4.0			136.545315981
7			193			3.0			103.783896923
6			194			3.0			141.088711977
5			195			2.0			145.685359955
4			196			2.0			100.65953207
3			197			1.0			95.6266889572
2			198			1.0			91.0174598694
1			199			0.0			213.218423128
