#Number of gate                  #BASE
1                    	 0.21
11                    	 0.63
21                    	 1.37
31                    	 3.50
41                    	 4.08
51                    	 8.17
61                    	 12.32
71                    	 26.03
81                    	 51.72
91                    	 65.06
101                    	 128.54
111                    	 68.19
121                    	 163.11
131                    	 180.29
141                    	 234.73
151                    	 437.20
161                    	 383.74
171                    	 883.40
181                    	 470.45
191                   	 490.64
201                    	 594.38
