#Number of gate                  #BASE
1                    	 0.23
2                    	 0.30
3                    	 0.18
4                    	 0.21
5                    	 0.23
6                    	 0.24
7                    	 0.20
8                    	 0.20
9                    	 0.25
10                    	 0.23
11                    	 0.22
12                    	 0.27
13                    	 0.27
14                    	 0.25
15                    	 0.25
16                    	 0.20
17                    	 0.24
18                    	 0.32
19                    	 0.26
20                    	 0.32
21                    	 0.28
22                    	 0.32
23                    	 0.26
24                    	 0.28
25                    	 0.32
26                    	 0.30
27                    	 0.26
28                    	 0.25
29                    	 0.37
30                    	 0.29
31                    	 0.37
32                    	 0.32
33                    	 0.30
34                    	 0.39
35                    	 0.47
36                    	 0.29
37                    	 0.68
38                    	 1.03
39                    	 1.63
40                    	 0.73
41                    	 1.42
42                    	 1.06
43                    	 1.57
44                    	 4.22
45                    	 1.31
46                    	 2.04
47                    	 5.95
48                    	 7.87
49                    	 4.69
50                    	 3.08
51                    	 6.44
52                    	 13.12
53                    	 3.45
54                    	 14.15
