#MUX2			#DUM			#MUX2/AMOUNT			#Time
199			1			99.0			6.51220703125
198			2			99.0			6.54184412956
197			3			98.0			7.28302717209
196			4			98.0			7.40560388565
195			5			97.0			7.53811812401
194			6			97.0			7.00512909889
193			7			96.0			7.25746202469
192			8			96.0			7.56674909592
191			9			95.0			10.3385119438
190			10			95.0			8.88467311859
189			11			94.0			8.86683893204
188			12			94.0			9.03292393684
187			13			93.0			10.8048460484
186			14			93.0			9.96534609795
185			15			92.0			10.1724669933
184			16			92.0			8.56815981865
183			17			91.0			8.79017400742
182			18			91.0			13.7015180588
181			19			90.0			9.57544207573
180			20			90.0			10.7185370922
179			21			89.0			10.646654129
178			22			89.0			8.86234021187
177			23			88.0			11.0508348942
176			24			88.0			11.2705218792
175			25			87.0			11.9027411938
174			26			87.0			9.38061285019
173			27			86.0			9.58260583878
172			28			86.0			11.851526022
171			29			85.0			12.461124897
170			30			85.0			14.3454480171
169			31			84.0			12.9202599525
168			32			84.0			13.0478157997
167			33			83.0			11.0058679581
166			34			83.0			12.1146399975
165			35			82.0			11.7457380295
164			36			82.0			12.0077970028
163			37			81.0			12.2531030178
162			38			81.0			10.5415580273
161			39			80.0			14.332818985
160			40			80.0			14.9777998924
159			41			79.0			13.783244133
158			42			79.0			15.4888119698
157			43			78.0			17.0236349106
156			44			78.0			10.5221061707
155			45			77.0			14.1629400253
154			46			77.0			13.8758821487
153			47			76.0			14.2772271633
152			48			76.0			14.3875639439
151			49			75.0			13.7862269878
150			50			75.0			18.3140909672
149			51			74.0			18.8542690277
148			52			74.0			13.9406380653
147			53			73.0			19.9215750694
146			54			73.0			14.6865119934
145			55			72.0			14.1357181072
144			56			72.0			14.7918689251
143			57			71.0			15.3378870487
142			58			71.0			15.3311059475
141			59			70.0			15.1693429947
140			60			70.0			15.7419879436
139			61			69.0			22.300976038
138			62			69.0			19.6423370838
137			63			68.0			21.1030070782
136			64			68.0			21.7910280228
135			65			67.0			19.7335281372
134			66			67.0			15.7836949825
133			67			66.0			19.0734510422
132			68			66.0			16.447936058
131			69			65.0			15.4640979767
130			70			65.0			18.7830879688
129			71			64.0			20.8936531544
128			72			64.0			20.7987201214
127			73			63.0			21.4175050259
126			74			63.0			19.3390600681
125			75			62.0			17.1699960232
124			76			62.0			21.293514967
123			77			61.0			23.6699140072
122			78			61.0			20.7376441956
121			79			60.0			21.3756330013
120			80			60.0			17.0799632072
119			81			59.0			21.9012989998
118			82			59.0			18.6533770561
117			83			58.0			29.4339148998
116			84			58.0			20.1103711128
115			85			57.0			19.3193171024
114			86			57.0			15.2205431461
113			87			56.0			26.9317190647
112			88			56.0			23.5651838779
111			89			55.0			17.7825789452
110			90			55.0			23.7045049667
109			91			54.0			18.690433979
108			92			54.0			19.4540779591
107			93			53.0			15.8584558964
106			94			53.0			21.820636034
105			95			52.0			25.0879249573
104			96			52.0			22.7989342213
103			97			51.0			19.6423377991
102			98			51.0			23.7785098553
101			99			50.0			16.553550005
100			100			50.0			20.5271568298
99			101			49.0			19.195235014
98			102			49.0			25.5421090126
97			103			48.0			26.2140808105
96			104			48.0			28.2223818302
95			105			47.0			22.819218874
94			106			47.0			24.2899568081
93			107			46.0			26.7129461765
92			108			46.0			25.2288620472
91			109			45.0			22.6856679916
90			110			45.0			27.7203681469
89			111			44.0			25.8422157764
88			112			44.0			24.1666760445
87			113			43.0			25.3908920288
86			114			43.0			25.2189860344
85			115			42.0			25.8677649498
84			116			42.0			24.0311319828
83			117			41.0			26.1388139725
82			118			41.0			26.5516679287
81			119			40.0			25.9314510822
80			120			40.0			19.774917841
79			121			39.0			18.3007848263
78			122			39.0			24.5759510994
77			123			38.0			33.1010689735
76			124			38.0			23.0196509361
75			125			37.0			30.5903010368
74			126			37.0			31.9809350967
73			127			36.0			23.5775871277
72			128			36.0			39.2134559155
71			129			35.0			36.6510989666
70			130			35.0			29.0825779438
69			131			34.0			25.1978349686
68			132			34.0			28.853456974
67			133			33.0			34.8280589581
66			134			33.0			22.2597119808
65			135			32.0			30.8346681595
64			136			32.0			29.0033838749
63			137			31.0			29.5509078503
62			138			31.0			31.8322839737
61			139			30.0			36.0440330505
60			140			30.0			26.0269789696
59			141			29.0			31.6984779835
58			142			29.0			29.8788061142
57			143			28.0			40.7368659973
56			144			28.0			35.7720179558
55			145			27.0			30.0893039703
54			146			27.0			27.1808331013
53			147			26.0			36.879295826
52			148			26.0			30.3402099609
51			149			25.0			21.0188970566
50			150			25.0			38.1352000237
49			151			24.0			25.6041409969
48			152			24.0			25.3127729893
47			153			23.0			41.7954649925
46			154			23.0			28.9153220654
45			155			22.0			29.8972668648
44			156			22.0			24.039137125
43			157			21.0			30.9872629642
42			158			21.0			34.3563070297
41			159			20.0			40.8212478161
40			160			20.0			31.0140929222
39			161			19.0			28.3923621178
38			162			19.0			36.2873268127
37			163			18.0			33.5741240978
36			164			18.0			32.5384349823
35			165			17.0			43.811868906
34			166			17.0			42.6792268753
33			167			16.0			33.9008660316
32			168			16.0			38.3194310665
31			169			15.0			34.5937309265
30			170			15.0			41.2121379375
29			171			14.0			28.8250072002
28			172			14.0			43.1507711411
27			173			13.0			36.7385439873
26			174			13.0			36.6800038815
25			175			12.0			31.9373419285
24			176			12.0			48.6288449764
23			177			11.0			33.0709910393
22			178			11.0			35.4594669342
21			179			10.0			31.9449019432
20			180			10.0			45.5467331409
19			181			9.0			54.1663880348
18			182			9.0			34.9748649597
17			183			8.0			33.872107029
16			184			8.0			41.5444500446
15			185			7.0			34.0905058384
14			186			7.0			32.5697069168
13			187			6.0			49.5707950592
12			188			6.0			42.619024992
11			189			5.0			34.9415538311
10			190			5.0			40.797150135
9			191			4.0			42.2018699646
8			192			4.0			40.5235910416
7			193			3.0			40.3783919811
6			194			3.0			47.990582943
5			195			2.0			40.3824160099
4			196			2.0			63.2137241364
3			197			1.0			44.6959130764
2			198			1.0			44.9877548218
1			199			0.0			38.0031340122
