#Number of gate                  #BASE
1                    	 0.08
2                    	 0.09
3                    	 0.09
4                    	 0.09
5                    	 0.08
6                    	 0.09
7                    	 0.15
8                    	 0.11
9                    	 0.11
10                    	 0.11
11                    	 0.11
12                    	 0.11
13                    	 0.10
14                    	 0.13
15                    	 0.16
16                    	 0.20
17                    	 0.10
18                    	 0.17
19                    	 0.20
20                    	 0.24
21                    	 0.12
22                    	 0.17
23                    	 0.16
24                    	 0.17
25                    	 0.15
26                    	 0.17
27                    	 0.41
28                    	 0.20
29                    	 0.20
30                    	 0.22
31                    	 0.18
32                    	 0.23
33                    	 0.21
34                    	 0.16
35                    	 0.40
36                    	 0.24
37                    	 0.33
38                    	 0.24
39                    	 0.44
40                    	 0.49
41                    	 0.18
42                   	 0.31
43                    	 0.26
