
#gate	 #BASE
1		 1.01
2		 1.29
3		 1.64
4		 1.92
5		 2.14
6		 2.62
7		 2.56
8		 2.53
9		 3.00
10		 3.08
11		 3.66
12		 3.57
13		 3.72
14		 3.99
15		 4.53
16		 4.25
17		 4.72
18		 4.67
19		 5.32
20		 5.45
21		 6.69
22		 6.16
23		 7.48
24		 5.75
25		 6.00
26		 6.60
27		 7.80
28		 7.20
29		 8.01
30		 8.28
31		 8.55
32		 9.30
33		 8.16
34		 8.05
35		 9.04
36		 6.65
37		 9.56
38		 9.57
39		 7.96
40		 8.44
41		 10.65
42		 9.32
43		 8.88
44		 10.15
45		 12.24
46		 9.26
47		 9.18
48		 10.86
49		 11.48
50		 10.44
51		 12.63
52		 11.17
53		 11.51
54		 11.96
55		 13.26
56		 9.25
57		 11.85
58		 12.89
59		 13.93
60		 10.07
61		 9.39
62		 11.53
63		 10.56
64		 12.16
65		 13.68
66		 11.02
67		 13.46
68		 11.93
69		 15.30
70		 12.67
71		 14.42
72		 14.85
73		 15.59
74		 14.72
75		 14.49
76		 20.69
77		 17.14
78		 16.56
79		 14.68
80		 14.68
81		 18.73
82		 20.27
83		 23.63
84		 18.36
85		 17.51
86		 23.19
87		 23.96
88		 19.29
89		 31.99
90		 29.65
91		 27.13
92		 22.34
93		 24.25
94		 20.86
95		 20.99
96		 19.16
97		 23.28
98		 27.94
99		 27.51
100		 22.10
101		 24.60
102		 23.34
103		 29.37
104		 27.04
105		 23.30
106		 31.56
107		 24.57
108		 27.00
109		 26.73
110		 20.80
111		 27.85
112		 36.90
113		 34.20
114		 34.73
115		 24.34
116		 25.21
117		 28.67
118		 30.25
119		 28.70
120		 29.02
121		 28.47
122		 31.52
123		 35.80
124		 42.19
125		 41.99
126		 40.08
127		 39.37
128		 30.49
129		 40.29
130		 36.92
131		 29.96
132		 31.80
133		 37.33
134		 34.48
135		 45.31
136		 41.42
137		 44.83
138		 45.99
139		 51.29
140		 50.56
141		 40.33
142		 33.41
143		 59.55
144		 48.45
145		 66.97
146		 49.16
147		 38.55
148		 38.47
149		 33.35
150		 44.36
151		 39.46
152		 47.17
153		 39.75
154		 46.37
155		 55.51
156		 43.82
157		 49.46
158		 58.61
159		 61.66
160		 60.55
161		 46.14
162		 54.18
163		 47.63
164		 55.38
165		 79.35
166		 55.04
167		 61.71
168		 54.56
169		 52.80
170		 42.41
171		 51.09
172		 50.65
173		 42.58
174		 38.98
175		 47.78
176		 52.72
177		 42.61
178		 65.68
179		 39.48
180		 60.27
181		 45.43
182		 54.08
183		 54.39
184		 45.16
185		 50.24
186		 57.71
187		 66.36
188		 53.99
189		 41.98
190		 51.59
191		 63.97
192		 45.95
193		 42.57
194		 56.43
195		 56.87
196		 46.22
197		 39.61
198		 70.64
199		 56.33
200		 78.53
201		 56.89
