
#gate	 #BASE
1		 0.24
2		 0.33
3		 0.35
4		 0.49
5		 0.54
6		 0.68
7		 0.70
8		 0.93
9		 1.21
10		 1.60
11		 1.27
12		 1.63
13		 1.84
14		 2.08
15		 3.23
16		 3.76
17		 2.87
18		 2.82
19		 3.90
20		 2.25
21		 4.00
22		 7.89
23		 9.34
24		 8.63
25		 6.45
26		 4.49
27		 11.22
28		 10.89
29		 8.15
30		 9.30
31		 13.17
32		 9.80
33		 7.75
34		 8.65
35		 10.95
36		 11.51
37		 13.71
38		 8.09
39		 9.98
40		 19.65
41		 101.53
42		 24.46
43		 29.87
44		 46.45
45		 49.27
46		 111.52
47		 145.59
48		 19.82
49		 8.98
50		 144.63
51		 49.70
52		 334.22
53		 118.83
54		 418.49
55		 250.88
56		 242.74
57		 366.41
58		 983.82
59		 123.04
60		 340.20
61		 613.70
62		 478.85
63		 105.66
64		 179.47
65		 169.19
66		 1278.93
67		 1242.23
68		 98.36
69		 1016.74
70		 1581.94
71		 33.87
72		 62.54
73		 24.15
74		 481.75
75		 19.18
76		 1540.82
77		 275.25
78		 479.59
79		 18.37
80		 2506.18
81		 54.41
82		 248.32
83		 87.42
84		 2082.88
85		 585.60
86		 927.78
87		 852.04
88		 3602.03
89		 1413.74
90		 347.22
91		 1265.67
92		 3600.79
93		 1879.01
94		 3604.85
95		 16.79
96		 3601.56
97		 3601.84
98		 500.39
99		 470.53
100		 342.65
101		 3601.31
102		 3600.28
103		 940.80
104		 112.25
105		 265.50
106		 3602.87
107		 3603.33
108		 3601.60
109		 271.84
110		 3600.20
111		 2995.71
112		 3603.39
113		 3604.14
114		 3603.43
115		 3601.38
116		 3601.81
117		 3603.79
118		 3603.65
119		 3603.63
120		 109.03
121		 3600.64
122		 3602.97
123		 3603.31
124		 3603.59
125		 58.54
126		 3602.58
127		 3600.04
128		 3603.30
129		 3601.67
130		 3603.66
131		 3603.78
132		 3602.34
133		 374.20
134		 3603.53
135		 3602.65
136		 3602.04
137		 3601.49
138		 3600.95
139		 826.37
140		 3603.92
141		 3601.10
142		 358.31
143		 3600.88
144		 3604.28
145		 462.06
146		 3603.55
147		 3601.69
148		 3604.68
149		 1166.64
150		 3603.38
151		 3208.72
152		 3602.45
153		 3601.98
154		 3611.40
155		 3602.97
156		 3600.06
157		 3601.61
158		 3602.91
159		 3601.36
160		 3601.88
161		 3603.59
162		 1113.51
163		 3602.86
164		 3604.26
165		 503.82
166		 3603.26
