#MUX2			#DUM			#MUX2/AMOUNT			#Time
199			1			99.0			6.74309396744
198			2			99.0			6.89085102081
197			3			98.0			6.4030790329
196			4			98.0			7.01278996468
195			5			97.0			6.93751001358
194			6			97.0			6.61717319489
193			7			96.0			7.41962814331
192			8			96.0			7.5114839077
191			9			95.0			8.83543992043
190			10			95.0			7.41613101959
189			11			94.0			7.60955500603
188			12			94.0			7.5645339489
187			13			93.0			8.04750013351
186			14			93.0			7.21245098114
185			15			92.0			8.86493492126
184			16			92.0			10.8272960186
183			17			91.0			9.6777780056
182			18			91.0			9.00860095024
181			19			90.0			10.1617820263
180			20			90.0			8.47719192505
179			21			89.0			11.03185606
178			22			89.0			8.97217488289
177			23			88.0			10.8558490276
176			24			88.0			8.89334702492
175			25			87.0			9.66363310814
174			26			87.0			11.7428050041
173			27			86.0			10.5477612019
172			28			86.0			9.59061312675
171			29			85.0			9.83720612526
170			30			85.0			8.13773393631
169			31			84.0			12.2270410061
168			32			84.0			10.7666399479
167			33			83.0			9.3002409935
166			34			83.0			9.95535778999
165			35			82.0			9.30074501038
164			36			82.0			11.3808579445
163			37			81.0			11.6691617966
162			38			81.0			8.74221611023
161			39			80.0			10.5659730434
160			40			80.0			11.5971601009
159			41			79.0			11.8083260059
158			42			79.0			14.8700261116
157			43			78.0			9.30635714531
156			44			78.0			11.4827859402
155			45			77.0			10.3977229595
154			46			77.0			9.91299891472
153			47			76.0			9.6924700737
152			48			76.0			12.4672241211
151			49			75.0			15.0612797737
150			50			75.0			14.6716561317
149			51			74.0			13.7751848698
148			52			74.0			14.3766541481
147			53			73.0			12.2506210804
146			54			73.0			12.4968061447
145			55			72.0			10.5138020515
144			56			72.0			10.5072159767
143			57			71.0			9.54785299301
142			58			71.0			11.9136798382
141			59			70.0			10.4352469444
140			60			70.0			12.5933418274
139			61			69.0			16.6486349106
138			62			69.0			11.0196650028
137			63			68.0			13.2527601719
136			64			68.0			13.232831955
135			65			67.0			11.801776886
134			66			67.0			14.8829891682
133			67			66.0			10.9915778637
132			68			66.0			11.9964780807
131			69			65.0			11.7618739605
130			70			65.0			13.3162238598
129			71			64.0			12.4260909557
128			72			64.0			13.3341469765
127			73			63.0			13.0116240978
126			74			63.0			15.4800539017
125			75			62.0			16.3645880222
124			76			62.0			13.2267072201
123			77			61.0			12.9606368542
122			78			61.0			12.8801231384
121			79			60.0			14.2574381828
120			80			60.0			12.7703199387
119			81			59.0			13.0384390354
118			82			59.0			13.8238677979
117			83			58.0			16.0787081718
116			84			58.0			11.9678869247
115			85			57.0			11.2506401539
114			86			57.0			15.9205210209
113			87			56.0			15.6858830452
112			88			56.0			14.1251370907
111			89			55.0			15.7537660599
110			90			55.0			13.4272508621
109			91			54.0			12.9424331188
108			92			54.0			14.6789331436
107			93			53.0			12.6998519897
106			94			53.0			14.9868559837
105			95			52.0			15.5557589531
104			96			52.0			19.1401331425
103			97			51.0			15.5131289959
102			98			51.0			14.6041829586
101			99			50.0			16.0651888847
100			100			50.0			16.626718998
99			101			49.0			14.3270599842
98			102			49.0			15.82295084
97			103			48.0			14.9313769341
96			104			48.0			16.8116090298
95			105			47.0			17.3059740067
94			106			47.0			14.8114869595
93			107			46.0			16.9737899303
92			108			46.0			16.9202680588
91			109			45.0			17.8560700417
90			110			45.0			14.6561388969
89			111			44.0			18.193349123
88			112			44.0			19.1916749477
87			113			43.0			16.3353910446
86			114			43.0			15.2964959145
85			115			42.0			17.4028527737
84			116			42.0			15.4320750237
83			117			41.0			19.3471419811
82			118			41.0			16.4599490166
81			119			40.0			17.3430120945
80			120			40.0			17.204087019
79			121			39.0			16.3219590187
78			122			39.0			21.5953559875
77			123			38.0			20.6617259979
76			124			38.0			18.4193129539
75			125			37.0			19.7418010235
74			126			37.0			18.6401040554
73			127			36.0			17.8910160065
72			128			36.0			17.5869150162
71			129			35.0			15.5791609287
70			130			35.0			18.2107849121
69			131			34.0			18.582983017
68			132			34.0			17.830398798
67			133			33.0			17.6273388863
66			134			33.0			19.4901840687
65			135			32.0			21.1186361313
64			136			32.0			20.4351391792
63			137			31.0			20.5029699802
62			138			31.0			19.7251210213
61			139			30.0			20.5988399982
60			140			30.0			19.2622420788
59			141			29.0			22.4226191044
58			142			29.0			19.0741460323
57			143			28.0			21.1676011086
56			144			28.0			18.7488470078
55			145			27.0			20.2126078606
54			146			27.0			18.3098859787
53			147			26.0			22.3901569843
52			148			26.0			21.0782420635
51			149			25.0			23.1719930172
50			150			25.0			20.2744190693
49			151			24.0			20.1524817944
48			152			24.0			22.1984708309
47			153			23.0			22.8223879337
46			154			23.0			21.0203700066
45			155			22.0			25.4460821152
44			156			22.0			21.0760340691
43			157			21.0			25.7709088326
42			158			21.0			22.7748951912
41			159			20.0			21.1816430092
40			160			20.0			22.3330328465
39			161			19.0			24.9110629559
38			162			19.0			21.104498148
37			163			18.0			21.4145150185
36			164			18.0			30.8610570431
35			165			17.0			21.0056619644
34			166			17.0			23.5443990231
33			167			16.0			18.7539858818
32			168			16.0			21.4493119717
31			169			15.0			21.9416549206
30			170			15.0			24.6864249706
29			171			14.0			22.2089910507
28			172			14.0			18.1895279884
27			173			13.0			23.0045461655
26			174			13.0			21.790943861
25			175			12.0			22.1173539162
24			176			12.0			23.5193619728
23			177			11.0			26.7692949772
22			178			11.0			25.4685311317
21			179			10.0			23.3358089924
20			180			10.0			22.6305749416
19			181			9.0			23.8490760326
18			182			9.0			29.9218249321
17			183			8.0			22.0912139416
16			184			8.0			30.8156859875
15			185			7.0			27.1955311298
14			186			7.0			25.0377118587
13			187			6.0			23.1163601875
12			188			6.0			25.2215189934
11			189			5.0			26.5336070061
10			190			5.0			28.3465800285
9			191			4.0			30.7630138397
8			192			4.0			24.9932808876
7			193			3.0			24.3874330521
6			194			3.0			31.2876570225
5			195			2.0			30.984197855
4			196			2.0			29.2935369015
3			197			1.0			37.5055658817
2			198			1.0			27.4978480339
1			199			0.0			30.9114489555
