
#gate	 #BASE
1		 0.22
2		 0.28
3		 0.46
4		 0.44
5		 0.43
6		 0.48
7		 0.76
8		 0.64
9		 0.61
10		 0.81
11		 0.65
12		 0.98
13		 0.95
14		 0.96
15		 1.25
16		 1.07
17		 1.04
18		 1.01
19		 1.11
20		 1.17
21		 1.86
22		 1.43
23		 1.51
24		 1.60
25		 1.97
26		 2.27
27		 1.83
28		 1.79
29		 2.28
30		 2.05
31		 2.24
32		 1.80
33		 2.44
34		 2.17
35		 2.51
36		 2.88
37		 2.04
38		 2.31
39		 2.89
40		 2.73
41		 3.51
42		 3.02
43		 3.32
44		 3.19
45		 3.69
46		 3.12
47		 3.12
48		 3.74
49		 3.08
50		 4.54
51		 3.65
52		 4.53
53		 4.07
54		 4.60
55		 5.53
56		 3.23
57		 4.47
58		 4.73
59		 5.65
60		 3.65
61		 5.12
62		 4.02
63		 4.03
64		 4.25
65		 5.08
66		 4.88
67		 4.31
68		 4.94
69		 7.49
70		 5.38
71		 7.88
72		 5.12
73		 7.75
74		 7.60
75		 5.32
76		 5.68
77		 8.60
78		 7.50
79		 7.19
80		 8.15
81		 8.80
82		 7.26
83		 6.20
84		 5.72
85		 5.68
86		 6.28
87		 6.66
88		 8.89
89		 8.30
90		 7.03
91		 7.88
92		 8.18
93		 9.04
94		 11.73
95		 6.89
96		 9.01
97		 8.85
98		 10.10
99		 8.87
100		 11.53
101		 10.64
