#MUX2			#DUM			#MUX2/AMOUNT			#Time
199			1			99.0			7.60722112656
198			2			99.0			8.85462594032
197			3			98.0			8.30471897125
196			4			98.0			8.83973097801
195			5			97.0			8.48423194885
194			6			97.0			8.93556904793
193			7			96.0			9.45045781136
192			8			96.0			10.6205329895
191			9			95.0			11.0046579838
190			10			95.0			11.2613508701
189			11			94.0			10.7082049847
188			12			94.0			11.321641922
187			13			93.0			12.0294659138
186			14			93.0			14.3764679432
185			15			92.0			12.2188639641
184			16			92.0			9.84982895851
183			17			91.0			12.7142188549
182			18			91.0			13.4066429138
181			19			90.0			11.8448410034
180			20			90.0			10.9517300129
179			21			89.0			11.8134119511
178			22			89.0			10.6203808784
177			23			88.0			13.2356030941
176			24			88.0			15.1692140102
175			25			87.0			13.3992609978
174			26			87.0			12.7623980045
173			27			86.0			11.1094379425
172			28			86.0			14.5822789669
171			29			85.0			12.7878990173
170			30			85.0			13.6795880795
169			31			84.0			14.4451889992
168			32			84.0			21.3633229733
167			33			83.0			16.4850299358
166			34			83.0			15.0520370007
165			35			82.0			12.7281370163
164			36			82.0			13.0532479286
163			37			81.0			20.6466348171
162			38			81.0			20.2611939907
161			39			80.0			16.6141130924
160			40			80.0			14.1539971828
159			41			79.0			18.7710440159
158			42			79.0			17.2543931007
157			43			78.0			21.219671011
156			44			78.0			17.0849981308
155			45			77.0			15.940196991
154			46			77.0			15.0080108643
153			47			76.0			13.7791531086
152			48			76.0			13.46053195
151			49			75.0			16.6664340496
150			50			75.0			14.1128931046
149			51			74.0			16.9070990086
148			52			74.0			15.6459109783
147			53			73.0			21.3788650036
146			54			73.0			17.1790909767
145			55			72.0			20.9360120296
144			56			72.0			20.3703320026
143			57			71.0			21.7022078037
142			58			71.0			17.6372020245
141			59			70.0			25.1382791996
140			60			70.0			19.3844928741
139			61			69.0			17.1995558739
138			62			69.0			18.526458025
137			63			68.0			18.2288041115
136			64			68.0			22.1848499775
135			65			67.0			19.0216619968
134			66			67.0			20.5724170208
133			67			66.0			20.0283968449
132			68			66.0			25.8853421211
131			69			65.0			27.2991981506
130			70			65.0			18.8825559616
129			71			64.0			23.4708199501
128			72			64.0			18.7030200958
127			73			63.0			20.0887658596
126			74			63.0			32.3359110355
125			75			62.0			25.0722601414
124			76			62.0			21.4880568981
123			77			61.0			21.7036190033
122			78			61.0			17.464081049
121			79			60.0			25.4852459431
120			80			60.0			19.2253382206
119			81			59.0			21.0349709988
118			82			59.0			20.2000877857
117			83			58.0			20.421984911
116			84			58.0			22.8144481182
115			85			57.0			26.9342331886
114			86			57.0			19.246969223
113			87			56.0			22.2819700241
112			88			56.0			21.9037928581
111			89			55.0			20.0103979111
110			90			55.0			31.8354101181
109			91			54.0			25.2166719437
108			92			54.0			24.0950880051
107			93			53.0			15.9516069889
106			94			53.0			21.469907999
105			95			52.0			18.0546839237
104			96			52.0			19.8588321209
103			97			51.0			21.5248398781
102			98			51.0			24.1160550117
101			99			50.0			24.2670881748
100			100			50.0			32.646766901
99			101			49.0			30.1957871914
98			102			49.0			27.9631149769
97			103			48.0			28.8381178379
96			104			48.0			30.8884921074
95			105			47.0			25.4036521912
94			106			47.0			27.6375379562
93			107			46.0			37.8036661148
92			108			46.0			35.7469480038
91			109			45.0			32.1783339977
90			110			45.0			24.909309864
89			111			44.0			29.2427341938
88			112			44.0			43.1557908058
87			113			43.0			27.0541749001
86			114			43.0			29.1064901352
85			115			42.0			39.1092371941
84			116			42.0			31.1854679585
83			117			41.0			26.029489994
82			118			41.0			23.4258298874
81			119			40.0			23.213310957
80			120			40.0			34.836509943
79			121			39.0			36.1449820995
78			122			39.0			33.7862818241
77			123			38.0			44.2135119438
76			124			38.0			30.7589130402
75			125			37.0			28.5846500397
74			126			37.0			28.0825250149
73			127			36.0			29.0132391453
72			128			36.0			29.0202510357
71			129			35.0			34.8260788918
70			130			35.0			39.9219629765
69			131			34.0			27.2450051308
68			132			34.0			25.2863199711
67			133			33.0			34.8674659729
66			134			33.0			28.5506191254
65			135			32.0			37.0609810352
64			136			32.0			31.8494310379
63			137			31.0			30.5764951706
62			138			31.0			27.9113268852
61			139			30.0			43.4998760223
60			140			30.0			29.4138329029
59			141			29.0			32.2704679966
58			142			29.0			32.0203728676
57			143			28.0			34.9932100773
56			144			28.0			32.0456490517
55			145			27.0			39.9832310677
54			146			27.0			35.8466780186
53			147			26.0			34.7776610851
52			148			26.0			32.1787810326
51			149			25.0			34.1842968464
50			150			25.0			36.6578538418
49			151			24.0			39.0523509979
48			152			24.0			36.1214470863
47			153			23.0			34.4792561531
46			154			23.0			30.3709709644
45			155			22.0			45.0428590775
44			156			22.0			32.9178190231
43			157			21.0			46.4921970367
42			158			21.0			28.9722440243
41			159			20.0			35.8289480209
40			160			20.0			37.3462781906
39			161			19.0			39.4164788723
38			162			19.0			38.708466053
37			163			18.0			33.2551059723
36			164			18.0			43.9864468575
35			165			17.0			34.4967529774
34			166			17.0			48.095113039
33			167			16.0			34.1371099949
32			168			16.0			44.7835860252
31			169			15.0			33.6827838421
30			170			15.0			44.0275099277
29			171			14.0			36.1485788822
28			172			14.0			33.4693078995
27			173			13.0			38.7407488823
26			174			13.0			36.9397139549
25			175			12.0			51.6645309925
24			176			12.0			37.5242750645
23			177			11.0			50.8877518177
22			178			11.0			39.5503761768
21			179			10.0			50.618322134
20			180			10.0			46.6084179878
19			181			9.0			56.0112318993
18			182			9.0			43.2968859673
17			183			8.0			36.8585519791
16			184			8.0			60.2493391037
15			185			7.0			44.520373106
14			186			7.0			51.7273240089
13			187			6.0			53.3248867989
12			188			6.0			58.7955210209
11			189			5.0			39.8686771393
10			190			5.0			64.1179769039
9			191			4.0			67.7044219971
8			192			4.0			38.0630660057
7			193			3.0			54.8869218826
6			194			3.0			42.104227066
5			195			2.0			55.0479149818
4			196			2.0			44.1874380112
3			197			1.0			44.3262240887
2			198			1.0			47.3421480656
1			199			0.0			43.2673680782
