0.11	0.2	0.05	0.16	0.17	0.4	0.09	0.31	0.32	0.58	0.18	0.44	0.23	0.58	0.12	0.3	0.35	0.98	0.19	0.55	0.35	1.28	0.22	0.7	2.43	5.23	1.1	3.79	1.13	4.61	0.6	3.83	1.47	6.65	0.92	5.77
0.25	0.44	0.11	0.32	0.51	0.65	0.13	0.2	0.58	0.76	0.23	0.55	0.42	0.68	0.18	0.39	0.37	1.35	0.27	0.87	0.85	1.57	0.35	0.91	2.55	7.08	1.17	4.54	2.14	5.48	0.97	3.42	1.76	8.74	1.39	6.67
0.63	0.85	0.19	0.38	0.76	2.08	0.27	0.49	0.8	1.21	0.42	0.85	0.8	1.21	0.28	0.49	0.54	1.56	0.31	0.67	1.24	2.87	0.64	1.17	3.17	7.97	1.7	5.32	2.65	7.87	1.26	4.64	2.37	11.31	1.43	7.81
0.76	1.68	0.25	0.7	1.45	3.89	0.25	0.58	1.18	1.72	0.6	1.01	0.67	1.57	0.34	0.48	0.65	1.82	0.35	1.12	1.51	2.69	0.67	1.34	3.35	10.17	1.81	5.86	2.73	9.75	1.44	6.01	4.12	12.61	1.7	8.49
1.23	1.88	0.25	1.04	1.36	5.32	0.35	1.02	1.44	1.84	0.63	1.43	1.62	1.25	0.33	0.64	1.2	2.19	0.39	0.95	2.08	4.02	0.77	1.56	4.28	11.28	2.1	6.93	3.83	9.94	1.81	7.46	3.53	13.42	2.21	10.39
2.63	3.05	0.56	1.53	3.7	7.33	0.6	1.53	1.83	3.07	0.91	1.76	1.95	1.74	0.32	0.79	0.93	2.35	0.51	1.44	2.35	4.2	1.11	2.45	3.63	11.49	2.07	7.5	4.02	13.57	2.14	6.7	4.46	17.68	2.49	9.6
3.65	5.05	0.96	1.05	4.15	9.79	0.95	1.57	2.24	3.63	1.58	2.31	3.33	5.74	0.72	1.05	1.28	3.93	0.6	1.76	2.31	5.5	1.45	2.95	4.9	13.28	2.81	8.39	5.88	13.08	2.53	6.31	5.9	18.58	2.39	12.25
3.61	5.29	0.88	1.58	10	18.94	1.19	2.53	3.56	4	1.47	2.18	1.88	5.57	0.86	0.9	1.65	5.1	0.77	1.26	3.24	9.71	1.45	3.94	4.92	16.65	2.59	8.33	5.34	17.59	2.48	9.67	6.57	17.71	3.03	14.74
6.98	7.98	1.59	3.34	15.26	16.59	1.62	3.42	4.11	5.02	2.28	2.71	3.6	6.89	1	1.6	1.49	4.34	0.76	2.45	3.92	11.47	1.8	4.35	5.33	16.7	2.8	9.35	5.73	17.57	3.14	11.42	7.71	23.93	4.19	14.23
4.09	8.73	1.7	4.39	10.61	182.68	2.35	5.63	5.2	8.87	1.84	4.26	5.18	21.26	0.95	1.9	2.1	7.15	0.94	1.81	4.66	18.83	2.25	5.49	6.32	19.33	3	12.67	7.01	20.55	3.19	10.47	7.74	24.6	5.04	15.98
7.11	13.66	1.74	5.02	21.19	93.13	3.09	9.57	4.9	9.24	2.06	4.59	7.55	32.12	1.85	4.01	2.11	7.18	0.89	2.33	4.42	23	2.18	8.05	6.74	20.01	3.74	12.52	8.29	29.18	3.52	13.78	7.91	31.06	5.08	16.75
8.89	14.64	1.82	5.66	15.4	176.2	4.65	12.41	5.76	9.21	3.02	5.54	12.5	49.26	2.58	3.22	2.03	11.54	1.23	3.85	7.39	23.27	3.03	9.07	7.43	25.42	3.97	13.85	9.39	39.12	3.63	17.39	7.9	32.14	4.94	16.3
7.03	23.53	2.83	7.15	66.84	621.06	4.8	12.07	7.22	12.51	3.24	9.34	12.55	54.24	2.95	9.84	2.94	9.61	1.23	4.15	7.54	24.21	3.79	12.84	6.95	26.87	4.63	15.47	10.85	33.23	4.81	16.07	10.38	38.32	6.18	20.96
14.81	28.33	3.16	13.79	78.9	301.71	3.6	22.29	8.79	19.66	3.5	9.9	23.6	279.37	3.12	13.66	2.49	17.52	1.58	5.86	14.96	48	4.14	11.02	9.35	34.1	4.09	17.51	11.34	42.25	4.88	21.42	9.43	43.28	5.9	23.67
13.95	29.7	3.77	16.96	28.38	580.97	6.41	14.83	9.17	20.66	4.29	12.59	19.36	335.66	3.09	5.73	3.04	20.52	1.51	7.28	7.98	42.22	3.87	18.72	9.87	31.13	5.2	21.8	13.16	52.97	6.37	24.37	13.14	49.17	5.83	28.39
?	?	?	?	214.84	899.8	6.74	51.57	14.81	21.78	4.49	11.1	18.56	177.49	5.14	13.26	3.49	26.33	1.86	7.77	8.54	57.64	5.17	21.38	9.07	44.22	6.14	28.52	11.71	65.6	7.39	31.79	17.05	51.82	7.39	23.02
?	?	?	?	296.64	439.95	5.68	32.94	14.41	30.48	6.26	14.36	66.93	326.49	4.46	14.02	4.94	26.7	2.01	11.75	13.75	96.08	6.83	33.68	10.99	47.11	5.87	23.48	14.45	63.97	8.28	35.85	14.78	72.85	10.27	34.93
?	?	?	?	83.76	1585.5	13.13	33.74	14.1	33.48	5.2	15.66	34.38	160.24	7.46	24.91	5.24	41	2.75	17.35	13.14	77.69	6.21	33.09	10.85	50.78	6.23	31.39	16.54	101.14	9.4	38.22	13.99	63.95	7.31	29.13
?	?	?	?	135.24	2547.79	18.79	51.52	21.26	38.18	6.51	20.92	245.38	1316.74	12.33	12.13	6.46	68.91	2.43	11.54	12.28	94.38	6.64	30.14	12.36	67.11	6.93	33.04	14.94	80.33	9.24	37.87	23.52	91.6	11.9	46.02
?	?	?	?	474.61	2339.01	23.25	129.57	17.42	45.14	6.45	26.47	183.84	285.97	5.06	41.19	5.26	66.77	3.15	18.51	18.66	157.68	8.27	50.66	12.27	64.55	8.33	40.07	22.34	118.72	9.45	56.06	22.27	83.72	9.04	42.06
?	?	?	?	1530.94	12684.6	20.88	190.45	15.35	63.84	7.49	29.15	72.89	8287.77	16.37	37.96	8.45	45.95	3.49	15.64	20.39	283.91	10.39	42.26	14.37	112.76	8.43	44.24	19.3	110.74	7.29	59.69	30.12	114.54	10.9	58.37
?	?	?	?	?	?	?	?	29.14	62.57	8.55	35.06	144.01	1914.78	10.77	87.51	6.99	142.98	2.71	20.34	26.8	256.47	9.87	71.54	14.9	87.73	8.26	48.46	25.33	127.53	12.39	61.66	22.52	105.36	12.95	60.05
?	?	?	?	?	?	?	?	23.02	86.78	9.77	40.7	125.79	2087.8	9.28	44.44	8.33	153.28	4.35	29.02	53.03	363.47	14.01	71.2	18.09	123.52	9.65	59.8	27.41	156.76	11.88	75.95	30.98	137.33	10.95	48.58
?	?	?	?	?	?	?	?	25.7	95.04	9.33	49.8	296.18	1049.24	13.26	147.58	15.42	132.89	4.32	57.26	38.68	550.72	16.43	100.94	19.97	114.65	9.57	57.29	24.91	154.11	16.67	70.12	23.03	140.21	12.96	67.71
?	?	?	?	?	?	?	?	24.14	117.18	13.53	62.3	146	515.73	18.25	93.51	11.56	124.78	5.42	43.31	40.41	312.17	19.47	120.16	18.14	126.05	12.3	69.18	26.21	141.85	13.31	72.32	31.94	191.53	15.67	60.17
?	?	?	?	?	?	?	?	?	?	?	?	428.67	19284.5	28.63	213.26	16.03	397.72	6.86	46.98	47.21	231.28	18.91	76.89	17.36	141.23	13.16	88.01	28.24	244.05	18.64	108.65	29.49	184.6	16.97	85.2
?	?	?	?	?	?	?	?	?	?	?	?	150.04	6277.93	12.28	98.01	14.04	192.14	4.82	57.98	94.78	1541.28	25.16	127.18	21.26	183.91	9.96	89.58	35.87	212.8	15.98	110.49	40.28	197.23	16.51	64.74
?	?	?	?	?	?	?	?	?	?	?	?	147.16	2280.84	20.42	161.61	13.94	288.33	8.13	88.95	55.11	774.27	27.92	168.39	18.37	175.41	14.03	114.22	39.2	254.95	18.76	101.39	37.77	215.26	14.94	107.72
?	?	?	?	?	?	?	?	?	?	?	?	648.08	4078.54	41.06	118.18	15.93	351.35	7.15	70.96	101.39	578.24	26.22	186.88	26.17	221.37	15.51	108.8	39.59	364.54	20.02	111.85	37.12	257.43	18.38	100.53
?	?	?	?	?	?	?	?	?	?	?	?	341.68	3484.81	31.56	554.41	15.95	304.48	8.21	117.25	146.43	3509.9	35.28	233.05	21.3	223.39	16.91	98.97	40.78	299.76	17.65	89.05	37.29	240.86	18.23	94.2
?	?	?	?	?	?	?	?	?	?	?	?	417.43	7208.92	15.93	391.69	25.91	459.26	8.9	127.82	58.12	551.06	38.72	295.16	23.38	254.73	15.19	130.14	38.51	345.5	18.94	156.41	43.64	306.9	25.56	154.91
?	?	?	?	?	?	?	?	?	?	?	?	215.98	5923.47	65.59	360.09	19.69	469.46	12.26	114.17	91.1	1005.9	42.78	328.28	29.89	297.15	19.61	216.42	53.54	424.77	18.3	175.18	38.04	308.9	23.66	150.5
?	?	?	?	?	?	?	?	?	?	?	?	198.9	5285.47	72.48	801.98	27.52	668.1	12.87	171.86	3506.62	13189.7	68	341.61	27.49	306.78	18.64	174.22	44.46	449.02	21.69	190.81	54.13	419.63	31.46	125.79
?	?	?	?	?	?	?	?	?	?	?	?	1055.02	9054.43	54.12	499.66	30.14	469.41	11.83	207.91	164.26	1834.71	60.57	438.34	29.91	333.01	20.32	193.69	65.19	472.29	22.28	250.72	46.15	374.32	26.31	161.51
?	?	?	?	?	?	?	?	?	?	?	?	641.71	29672.2	55.46	622.44	30.12	1068.66	12.84	156.48	200.75	2032.48	64.7	328.1	34.67	393.97	21.75	289.5	55.67	570.31	33.68	241.39	64.03	431.01	29.36	161.36
?	?	?	?	?	?	?	?	?	?	?	?	603.71	11402.9	63.12	602.92	32.58	1448.12	12.29	222.06	1383.5	9028.33	68.05	641.21	42.7	483.96	28.83	259.93	60.16	498.95	30.78	261.69	65.67	506.91	32.16	233.32
?	?	?	?	?	?	?	?	?	?	?	?	1530.2	12962.9	96.9	714.68	34.57	672.96	19.6	196.11	1181.9	23438.1	63.39	506.17	34.25	494.06	24.87	294.05	76.6	549.74	25.04	264.49	96.99	645.93	37.76	226.91
?	?	?	?	?	?	?	?	?	?	?	?	651.04	6648.02	62.52	1280.64	69.83	1006.87	13.8	223.77	96543.3	19130.3	105.16	695.06	46.6	588.74	29.61	350.21	81.34	632.4	33.68	286.19	53.5	484.03	36.43	249.33
?	?	?	?	?	?	?	?	?	?	?	?	6212.36	19971.6	73.78	1683.65	53.81	2298.34	18.07	357.37	25528.1	7486.88	163.78	925.85	38.45	667.36	25.87	398.54	73.58	703.38	46.35	281.26	72.82	512.7	35.49	314.97
?	?	?	?	?	?	?	?	?	?	?	?	1275.91	66931.5	101.4	910.74	60.22	1833.31	22.62	386.29	4835.52	34700.4	157.59	976.33	41.2	557.34	27.57	350.07	98.49	833.14	37.34	261.79	68.69	662.25	41	310.03
?	?	?	?	?	?	?	?	?	?	?	?	1403.3	13005.9	339.26	1721.42	79.06	1197.59	30.18	406.93	16312.9	11961.2	162.47	1099.46	47.01	717.32	31.49	347.96	69.2	802.3	42.79	302.4	80.08	724.34	44.91	243.07
