#Number of gate                  #BASE
1                    	 0.78
2                    	 0.79
3                    	 0.87
4                    	 0.77
5                    	 0.81
6                    	 0.90
7                    	 0.87
8                    	 0.81
9                    	 0.88
10                    	 0.92
11                    	 0.79
12                    	 0.80
13                    	 0.98
14                    	 0.91
15                    	 1.04
16                    	 0.96
17                    	 0.87
18                    	 1.27
19                    	 0.99
20                    	 0.94
21                    	 1.09
22                    	 0.95
23                    	 1.33
24                    	 0.95
25                    	 1.07
26                    	 0.91
27                    	 1.03
28                    	 0.93
29                    	 1.04
30                    	 1.08
31                    	 0.96
32                    	 1.17
33                    	 1.09
34                    	 0.99
35                    	 1.42
36                    	 1.45
37                    	 1.29
38                    	 1.16
39                    	 1.30
40                    	 1.11
41                    	 1.40
42                    	 1.00
43                    	 1.13
44                    	 1.52
45                    	 1.38
46                    	 1.53
47                    	 1.10
48                    	 1.18
49                    	 1.45
50                    	 1.42
51                    	 1.08
52                    	 1.11
53                    	 1.67
54                    	 1.30
55                    	 1.37
56                    	 1.44
57                    	 1.37
58                    	 1.83
59                    	 1.38
60                    	 1.52
61                    	 1.13
62                    	 1.33
63                    	 1.16
64                    	 1.16
65                    	 1.52
66                    	 1.21
67                    	 1.19
68                    	 1.31
69                    	 1.52
70                    	 2.15
71                    	 1.55
72                    	 1.12
73                    	 1.24
74                    	 1.56
75                    	 1.61
76                    	 1.09
77                    	 1.98
78                    	 1.52
79                    	 1.87
80                    	 1.79
81                    	 2.59
82                    	 2.06
83                    	 1.97
84                    	 1.33
85                    	 1.80
86                    	 1.53
87                    	 1.78
88                    	 2.09
89                    	 3.15
90                    	 1.57
91                    	 1.53
92                    	 2.45
93                    	 1.97
94                    	 1.42
95                    	 2.10
96                    	 1.67
97                    	 1.58
98                    	 1.54
99                    	 2.02
100                    	 1.71
101                    	 3.12
102                    	 1.62
103                    	 2.34
104                    	 2.91
105                    	 2.03
106                    	 1.61
107                    	 1.73
108                    	 1.99
109                    	 2.06
110                    	 1.87
111                    	 1.63
112                    	 1.98
113                    	 1.68
114                    	 4.76
115                    	 1.99
116                    	 1.95
117                    	 2.41
118                    	 2.63
119                    	 1.51
120                    	 1.90
121                    	 3.30
122                    	 2.68
123                    	 2.18
124                    	 2.84
125                    	 2.27
126                    	 3.73
127                    	 2.95
128                    	 1.52
129                    	 2.20
130                    	 2.14
131                    	 2.45
132                    	 1.56
133                    	 1.72
134                    	 1.60
135                    	 2.14
136                    	 1.59
137                    	 1.87
138                    	 2.36
139                    	 1.83
140                    	 1.80
141                    	 2.54
142                    	 3.51
143                    	 1.60
144                    	 2.08
145                    	 2.06
146                    	 1.68
147                    	 2.96
148                    	 1.87
149                    	 1.84
150                    	 1.93
151                    	 1.85
152                    	 1.89
153                    	 2.05
154                    	 3.32
155                    	 2.01
156                    	 11.67
157                    	 1.80
158                    	 2.24
159                    	 1.92
160                    	 4.58
161                    	 2.17
162                    	 1.97
163                    	 3.14
164                    	 2.67
165                    	 5.34
166                    	 3.05
167                    	 5.42
168                    	 2.66
169                    	 2.44
170                    	 2.11
171                    	 3.19
172                    	 2.96
173                    	 2.00
174                    	 2.24
175                    	 3.03
176                    	 2.97
177                    	 3.70
178                    	 2.81
179                    	 1.92
180                    	 2.63
181                    	 2.53
182                    	 2.33
183                    	 3.54
184                    	 3.30
185                    	 3.34
186                    	 2.01
187                    	 2.27
188                    	 1.99
189                    	 4.60
190                    	 5.62
191                    	 2.83
192                    	 3.12
193                    	 2.72
194                    	 2.38
195                    	 2.04
196                    	 2.75
197                    	 3.64
198                    	 2.91
199                    	 3.02
200                    	 3.56
201                    	 3.88
202                    	 4.56
203                    	 4.94
204                    	 4.26
205                    	 3.64
206                    	 3.71
207                    	 3.53
208                    	 2.73
209                    	 7.59
210                    	 2.55
211                    	 4.45
212                    	 2.97
213                    	 2.88
214                    	 2.50
215                    	 2.47
216                    	 7.49
217                    	 3.96
218                    	 3.05
219                    	 4.22
220                    	 4.36
221                    	 3.70
222                    	 2.78
223                    	 5.44
224                    	 4.70
225                    	 3.19
226                    	 4.19
227                    	 3.10
228                    	 5.29
229                    	 4.25
230                    	 3.53
231                    	 5.44
232                    	 3.59
233                    	 3.81
234                    	 10.59
235                    	 2.31
236                    	 3.36
237                    	 4.54
238                    	 3.58
239                    	 2.90
240                    	 3.58
241                    	 3.23
242                    	 3.27
243                    	 2.99
244                    	 2.36
245                    	 6.62
246                    	 3.29
247                    	 9.05
248                    	 3.91
249                    	 7.80
250                    	 3.54
251                    	 4.60
252                    	 6.82
253                    	 3.50
254                    	 3.99
255                    	 3.14
256                    	 3.69
257                    	 2.81
258                    	 4.83
259                    	 3.23
260                    	 3.15
261                    	 10.37
262                    	 4.84
263                    	 3.59
264                    	 4.04
265                    	 3.45
266                    	 4.73
267                    	 4.09
268                    	 4.61
269                    	 6.62
270                    	 4.51
271                    	 5.93
272                    	 4.23
273                    	 6.27
274                    	 6.63
275                    	 10.98
276                    	 2.75
277                    	 5.36
278                    	 4.86
279                    	 4.91
280                    	 4.54
281                    	 4.38
282                    	 3.51
283                    	 5.20
284                    	 8.00
285                    	 4.03
286                    	 4.63
287                    	 7.61
288                    	 4.94
289                    	 4.92
290                    	 11.94
291                    	 3.65
292                    	 3.02
293                    	 7.59
294                    	 6.53
295                    	 4.47
296                    	 11.52
297                    	 4.80
298                    	 5.21
299                    	 13.59
