#Number of gate                  #BASE
1                    	 0.67
11                    	 2.11
21                    	 3.50
31                    	 4.54
41                    	 7.45
51                    	 8.39
61                    	 18.76
71                    	 20.53
81                    	 28.05
91                    	 33.55
101                    	 32.09
111                    	 52.45
121                    	 53.70
131                    	 51.99
141                    	 72.74
151                    	 81.48
161                    	 90.63
171                    	 165.36
181                    	 124.84
191                    	 140.16
201                    	 270.03
