#MUX2			#DUM			#MUX2/AMOUNT			#Time
199			1			99.0			3.75119495392
196			4			98.0			4.00994300842
193			7			96.0			4.13162183762
190			10			95.0			4.72112894058
187			13			93.0			5.00308609009
184			16			92.0			6.48329591751
181			19			90.0			4.81330895424
178			22			89.0			6.66669011116
175			25			87.0			13.6000437737
172			28			86.0			9.5947740078
169			31			84.0			6.11887907982
166			34			83.0			13.1053991318
163			37			81.0			9.84867310524
160			40			80.0			7.31705880165
157			43			78.0			14.1477389336
154			46			77.0			27.44749403
151			49			75.0			11.7895309925
148			52			74.0			12.0282959938
145			55			72.0			9.59663105011
142			58			71.0			15.1254329681
139			61			69.0			9.94249606133
136			64			68.0			17.6425390244
133			67			66.0			26.2338330746
130			70			65.0			37.8937599659
127			73			63.0			16.302492857
124			76			62.0			18.4141349792
121			79			60.0			18.9684011936
118			82			59.0			25.4870779514
115			85			57.0			19.5721349716
112			88			56.0			35.3554010391
109			91			54.0			26.0905060768
106			94			53.0			101.873347044
103			97			51.0			38.4180800915
100			100			50.0			25.118653059
97			103			48.0			72.3663420677
