#Number of gate                  #BASE
1                    	 1.11
11                    	 4.02
21                    	 7.50
31                    	 8.88
41                    	 17.16
51                    	 19.77
61                    	 28.74
71                    	 39.58
81                    	 62.04
91                    	 42.32
101                    	 97.97
111                    	 73.25
121                    	 129.14
131                    	 188.88
141                    	 154.88
151                    	 138.91
161                    	 246.27
171                    	 238.47
181                    	 387.86
191                    	 405.82
201                    	 353.75
