#Number of gate                  #BASE
1                    	 0.93
2                    	 1.10
3                    	 1.21
4                    	 1.36
5                    	 1.18
6                    	 1.04
7                    	 1.14
8                    	 1.17
9                    	 1.57
10                    	 1.79
11                    	 1.42
12                   	 1.61
13                    	 1.52
14                    	 1.86
15                    	 1.71
16                    	 1.46
16                    	 1.54
18                    	 1.90
19                    	 1.57
20                    	 1.75
21                    	 1.55
22                    	 2.11
23                    	 2.05
24                    	 1.98
25                    	 1.83
26                    	 1.92
27                    	 1.40
28                    	 1.58
29                    	 2.39
30                    	 3.46
31                    	 1.49
32                    	 1.57
33                    	 2.03
34                    	 2.41
35                    	 2.53
36                    	 1.37
37                    	 1.78
38                    	 2.70
39                    	 2.15
40                    	 1.92
41                    	 2.47
42                    	 3.62
43                    	 3.62
44                    	 1.99
45                    	 1.58
46                    	 1.89
47                    	 3.95
48                    	 1.78
49                    	 2.20
50                    	 2.54
51                    	 3.23
52                    	 2.46
53                    	 4.36
54                    	 1.67
55                   	 3.92
56                    	 2.98
57                    	 1.81
58                    	 2.03
59                    	 2.30
60                    	 2.40
61                    	 2.06
62                    	 2.38
63                    	 2.40
64                    	 3.43
65                    	 4.22
66                    	 4.05
67                    	 3.70
68                    	 2.68
69                    	 5.74
70                    	 5.95
71                    	 4.18
72                    	 4.20
73                    	 2.40
74                    	 2.98
75                    	 3.47
76                    	 5.78
77                    	 3.65
78                    	 4.88
79                    	 5.17
80                    	 3.27
81                    	 7.66
82                    	 5.44
83                    	 3.15
84                    	 4.22
85                    	 4.78
86                    	 3.70
87                    	 3.94
88                    	 4.24
89                    	 5.94
90                    	 4.92
91                    	 5.13
92                    	 10.23
93                    	 5.72
94                    	 3.68
95                    	 3.20
96                    	 4.25
97                    	 3.89
98                    	 5.19
99                    	 3.53
100                    	 5.63
101                    	 10.80
102                    	 4.99
103                    	 9.78
104                    	 4.18
105                    	 7.42
106                    	 5.11
107                    	 5.88
108                    	 5.35
109                    	 4.53
110                    	 7.32
111                    	 6.78
112                    	 7.72
113                    	 5.67
114                    	 9.51
115                    	 13.24
116                    	 4.32
117                    	 10.47
118                    	 12.43
119                    	 10.44
120                    	 9.94
121                    	 8.84
122                    	 6.65
123                    	 4.98
124                    	 9.22
125                    	 8.05
126                    	 14.87
127                    	 10.29
128                    	 7.31
129                    	 10.12
130                    	 6.40
131                    	 7.01
132                    	 56.17
133                    	 8.87
134                    	 8.71
135                    	 10.15
136                    	 20.28
137                    	 10.92
138                    	 9.13
139                    	 8.50
140                    	 4.72
141                    	 24.02
142                    	 8.95
143                    	 10.18
144                    	 6.26
145                    	 11.69
146                    	 7.20
147                    	 10.31
148                    	 11.79
149                    	 7.82
150                    	 9.53
151                    	 15.19
152                    	 19.47
153                    	 12.22
154                    	 43.31
155                    	 65.86
156                    	 9.41
156                    	 10.46
158                    	 138.50
159                    	 14.45
160                    	 13.74
161                    	 6.26
162                    	 8.50
163                    	 8.20
164                    	 11.84
165                    	 10.34
166                    	 7.97
167                    	 12.06
168                    	 11.44
169                    	 9.68
170                    	 14.03
171                    	 78.46
172                    	 10.16
173                    	 116.69
174                    	 9.13
175                    	 31.34
176                    	 13.11
177                    	 16.18
178                    	 12.13
179                    	 8.96
180                    	 15.52
181                    	 25.91
182                    	 13.33
183                    	 7.52
184                    	 11.69
185                    	 13.39
186                    	 22.59
187                    	 18.80
188                    	 14.40
189                    	 59.45
190                    	 11.49
191                    	 44.59
192                    	 15.46
193                    	 114.14
194                    	 126.03
195                    	 11.16
196                    	 125.61
197                    	 19.03
198                    	 55.46
199                    	 42.83
200                    	 17.57
201                    	 10.16
202                    	 28.26
203                    	 10.41
204                    	 15.39
205                    	 12.82
206                    	 76.89
207                    	 21.96
208                    	 10.44
209                    	 77.63
