#MUX2			#DUM			#MUX2/AMOUNT			#Time
199			1			99.0			4.0228228569
198			2			99.0			4.48410701752
197			3			98.0			4.50335383415
196			4			98.0			4.43396687508
195			5			97.0			4.51992297173
194			6			97.0			4.78279900551
193			7			96.0			5.10125398636
192			8			96.0			4.35583090782
191			9			95.0			7.11182594299
190			10			95.0			6.42225885391
189			11			94.0			5.39807510376
188			12			94.0			5.51702594757
187			13			93.0			6.09397292137
186			14			93.0			5.28165602684
185			15			92.0			5.82743096352
184			16			92.0			4.91544985771
183			17			91.0			5.88305807114
182			18			91.0			6.72321581841
181			19			90.0			7.32167696953
180			20			90.0			5.63145709038
179			21			89.0			7.35818505287
178			22			89.0			6.1044549942
177			23			88.0			5.94444990158
176			24			88.0			6.35331892967
175			25			87.0			5.41884899139
174			26			87.0			5.91570496559
173			27			86.0			5.17933297157
172			28			86.0			7.31160998344
171			29			85.0			6.64626789093
170			30			85.0			6.27222800255
169			31			84.0			5.79894995689
168			32			84.0			6.94272494316
167			33			83.0			5.46905303001
166			34			83.0			5.72056007385
165			35			82.0			6.87460017204
164			36			82.0			7.32832694054
163			37			81.0			5.76243591309
162			38			81.0			6.48135280609
161			39			80.0			8.70868802071
160			40			80.0			8.59281802177
159			41			79.0			6.50034308434
158			42			79.0			7.11884403229
157			43			78.0			8.07445812225
156			44			78.0			7.25910902023
155			45			77.0			7.87928700447
154			46			77.0			10.7250080109
153			47			76.0			7.35763096809
152			48			76.0			7.8400080204
151			49			75.0			7.29260993004
150			50			75.0			7.35104489326
149			51			74.0			7.31415104866
148			52			74.0			6.98599696159
147			53			73.0			6.42594385147
146			54			73.0			6.7750620842
145			55			72.0			7.86196017265
144			56			72.0			7.71748518944
143			57			71.0			8.70876002312
142			58			71.0			8.49634194374
141			59			70.0			9.49495196342
140			60			70.0			8.3454041481
139			61			69.0			7.78432202339
138			62			69.0			7.12466096878
137			63			68.0			8.90790104866
136			64			68.0			10.424421072
135			65			67.0			7.45763587952
134			66			67.0			8.48566603661
133			67			66.0			7.19379591942
132			68			66.0			9.41095399857
131			69			65.0			7.99887108803
130			70			65.0			7.23573899269
129			71			64.0			10.6822237968
128			72			64.0			12.4381151199
127			73			63.0			10.741822958
126			74			63.0			12.2744739056
125			75			62.0			7.75217485428
124			76			62.0			10.2522509098
123			77			61.0			7.9859161377
122			78			61.0			9.07256698608
121			79			60.0			8.99849581718
120			80			60.0			9.02638506889
119			81			59.0			12.7894999981
118			82			59.0			8.08732104301
117			83			58.0			10.313587904
116			84			58.0			10.5733940601
115			85			57.0			9.66499996185
114			86			57.0			8.94109392166
113			87			56.0			9.29088711739
112			88			56.0			10.7698829174
111			89			55.0			13.0025658607
110			90			55.0			8.68626785278
109			91			54.0			12.3943939209
108			92			54.0			11.2336730957
107			93			53.0			14.7675180435
106			94			53.0			10.2316060066
105			95			52.0			8.92080307007
104			96			52.0			10.3045351505
103			97			51.0			11.2111752033
102			98			51.0			8.88834905624
101			99			50.0			10.3387711048
100			100			50.0			18.5284128189
99			101			49.0			9.76265382767
98			102			49.0			9.36960792542
97			103			48.0			8.87655186653
96			104			48.0			8.97988605499
95			105			47.0			11.3211350441
94			106			47.0			8.84145903587
93			107			46.0			10.6372060776
92			108			46.0			17.5135610104
91			109			45.0			13.877106905
90			110			45.0			12.2375340462
89			111			44.0			10.9924898148
88			112			44.0			13.213310957
87			113			43.0			12.1825959682
86			114			43.0			9.93390011787
85			115			42.0			14.7238771915
84			116			42.0			14.3564109802
83			117			41.0			16.940155983
82			118			41.0			11.3431880474
81			119			40.0			14.2011108398
80			120			40.0			11.6633141041
79			121			39.0			15.85374403
78			122			39.0			9.39003515244
77			123			38.0			12.177175045
76			124			38.0			14.1372981071
75			125			37.0			15.4599158764
74			126			37.0			17.149007082
73			127			36.0			14.6615490913
72			128			36.0			12.4683668613
71			129			35.0			13.5913448334
70			130			35.0			8.9671330452
69			131			34.0			14.537072897
68			132			34.0			13.9792788029
67			133			33.0			13.6763899326
66			134			33.0			13.4143691063
65			135			32.0			21.2771129608
64			136			32.0			16.5698740482
63			137			31.0			15.3093008995
62			138			31.0			19.1094799042
61			139			30.0			19.6900551319
60			140			30.0			16.2971479893
59			141			29.0			13.42714715
58			142			29.0			18.3587918282
57			143			28.0			16.3249678612
56			144			28.0			19.084717989
55			145			27.0			18.9458379745
54			146			27.0			13.8875441551
53			147			26.0			19.2327101231
52			148			26.0			15.2216930389
51			149			25.0			13.1129529476
50			150			25.0			22.0385110378
49			151			24.0			22.1207139492
48			152			24.0			16.8167140484
47			153			23.0			21.5411498547
46			154			23.0			20.0632610321
45			155			22.0			24.4833209515
44			156			22.0			19.3709139824
43			157			21.0			23.411960125
42			158			21.0			20.8963971138
41			159			20.0			23.3770010471
40			160			20.0			15.0458159447
39			161			19.0			29.1056668758
38			162			19.0			18.7290689945
37			163			18.0			13.5929899216
36			164			18.0			17.8078570366
35			165			17.0			33.161509037
34			166			17.0			26.775468111
33			167			16.0			13.6697928905
32			168			16.0			22.8697030544
31			169			15.0			17.8574719429
30			170			15.0			20.957682848
29			171			14.0			24.1808969975
28			172			14.0			21.1836829185
27			173			13.0			19.9336299896
26			174			13.0			21.6993019581
25			175			12.0			20.7203669548
24			176			12.0			15.5069670677
23			177			11.0			30.3055660725
22			178			11.0			23.8878941536
21			179			10.0			23.5238130093
20			180			10.0			28.1022839546
19			181			9.0			24.4347159863
18			182			9.0			23.2362580299
17			183			8.0			28.9019610882
16			184			8.0			30.9696059227
15			185			7.0			31.2741811275
14			186			7.0			30.3836698532
13			187			6.0			34.8428270817
12			188			6.0			29.158372879
11			189			5.0			21.2010920048
10			190			5.0			24.055202961
9			191			4.0			25.7780339718
8			192			4.0			25.5410819054
7			193			3.0			51.0819978714
6			194			3.0			27.4673039913
5			195			2.0			31.701613903
4			196			2.0			61.1236050129
3			197			1.0			48.9944140911
2			198			1.0			30.1684110165
1			199			0.0			36.7798647881
