
#gate	 #BASE
1		 0.08
2		 0.10
3		 0.14
4		 0.12
5		 0.16
6		 0.24
7		 0.21
8		 0.35
9		 0.24
10		 0.33
11		 0.30
12		 0.48
13		 0.31
14		 0.41
15		 0.47
16		 0.69
17		 0.74
18		 0.50
19		 0.94
20		 0.68
21		 0.59
22		 0.84
23		 1.09
24		 1.33
25		 0.85
26		 0.92
27		 1.02
28		 1.22
29		 1.32
30		 1.94
31		 1.64
32		 1.79
33		 2.27
34		 1.81
35		 1.84
36		 2.06
37		 1.82
38		 1.84
39		 2.20
40		 1.75
41		 2.77
42		 2.82
43		 2.11
44		 3.21
45		 2.31
46		 2.20
47		 3.96
48		 3.13
49		 3.48
50		 3.88
51		 4.49
52		 4.56
53		 2.27
54		 3.89
55		 5.74
56		 3.18
57		 3.58
58		 4.81
59		 3.09
60		 3.95
61		 4.36
62		 4.25
63		 4.79
64		 6.74
65		 5.45
66		 5.42
67		 6.16
68		 7.82
69		 5.16
70		 6.67
71		 4.37
