#Number of gate                  #BASE
1                    	 1.41
11                    	 3.25
21                    	 4.38
31                    	 8.08
41                    	 8.42
51                    	 8.96
61                    	 12.44
71                    	 15.59
81                    	 17.24
91                    	 19.33
101                    	 26.07
111                    	 29.34
121                    	 30.48
131                    	 30.89
141                    	 39.63
151                    	 42.15
161                    	 42.76
171                    	 56.60
181                    	 54.65
191                    	 57.37
201                    	 63.21
