#Number of gate                  #BASE
1                    	 1.21
2                    	 1.67
3                    	 1.61
4                    	 1.00
5                    	 1.43
6                    	 1.36
7                    	 1.18
8                    	 1.39
9                    	 1.11
10                    	 1.31
11                    	 1.49
12                    	 1.63
13                    	 1.59
14                    	 1.80
15                    	 1.40
16                    	 1.64
17                    	 1.90
18                    	 1.33
19                    	 1.54
20                    	 1.22
21                    	 1.39
22                    	 1.42
23                    	 1.56
24                    	 1.66
25                    	 1.39
26                    	 1.59
27                    	 1.57
28                    	 1.43
29                    	 1.72
30                    	 1.87
31                    	 1.81
32                    	 1.89
33                    	 1.35
34                    	 2.07
35                    	 1.88
36                    	 2.34
37                    	 1.47
38                    	 2.06
39                    	 1.75
40                    	 1.68
41                    	 1.79
42                    	 1.59
43                    	 2.16
44                    	 1.68
45                    	 1.93
46                    	 1.66
47                    	 1.96
48                    	 1.88
49                    	 2.02
50                    	 1.36
51                    	 1.90
52                    	 2.43
53                    	 2.05
54                    	 2.46
55                    	 2.04
56                    	 2.04
57                    	 2.32
58                    	 1.93
59                    	 1.90
60                    	 2.05
61                    	 2.28
62                    	 2.76
63                    	 2.22
64                    	 2.26
65                    	 1.87
66                    	 2.12
67                    	 2.47
68                    	 2.34
69                    	 2.82
70                    	 2.81
71                    	 2.54
