#gate
1		 0.71		 0.71		 0.69		 0.72		 0.66		 0.68		 0.69		 0.69		 0.68		 0.63	
6		 1.04		 1.07		 0.84		 1.06		 0.93		 1.18		 1.12		 1.07		 0.96		 1.22	
11		 1.62		 1.52		 1.49		 1.49		 1.44		 1.13		 1.37		 1.09		 1.50		 1.18	
16		 1.70		 1.64		 1.51		 1.55		 1.71		 1.25		 1.53		 1.91		 1.65		 1.43	
21		 2.19		 2.23		 1.91		 1.86		 1.51		 1.93		 1.83		 2.43		 1.78		 2.27	
26		 2.49		 2.16		 2.03		 1.78		 1.60		 1.71		 2.24		 1.99		 2.15		 1.88	
31		 2.51		 3.00		 2.69		 2.42		 2.89		 3.12		 2.52		 2.98		 2.07		 2.25	
36		 4.25		 2.73		 3.39		 2.79		 2.49		 3.13		 3.23		 3.10		 2.89		 2.82	
41		 2.87		 3.10		 3.10		 2.13		 3.89		 3.06		 3.96		 2.90		 3.08		 3.53	
46		 3.00		 3.14		 3.50		 3.93		 3.67		 2.80		 2.99		 4.38		 3.55		 3.86	
51		 4.40		 3.84		 4.15		 3.26		 3.94		 4.25		 3.00		 4.17		 4.52		 3.78	
56		 4.57		 4.25		 4.69		 3.68		 3.96		 4.69		 3.18		 5.34		 4.84		 3.61	
61		 5.13		 4.07		 4.35		 5.50		 2.91		 5.95		 5.13		 5.26		 6.68		 5.95	
66		 5.17		 5.31		 5.62		 5.05		 4.52		 5.80		 5.61		 5.08		 6.67		 6.19	
71		 5.80		 5.11		 5.87		 5.13		 4.51		 7.14		 4.27		 4.90		 7.11		 7.01	
76		 5.38		 7.31		 5.57		 6.03		 5.45		 5.22		 5.28		 5.52		 7.29		 6.03	
81		 5.65		 5.08		 9.79		 4.66		 6.59		 6.60		 6.15		 5.57		 8.51		 8.52	
86		 6.73		 8.44		 8.71		 6.95		 8.44		 8.75		 6.82		 8.41		 8.66		 7.02	
91		 8.76		 8.66		 8.54		 10.01		 10.46		 9.75		 8.09		 8.61		 8.36		 9.29	
96		 8.67		 8.20		 9.37		 10.19		 8.84		 9.85		 11.12		 11.30		 9.33		 10.04	
101		 9.49		 8.42		 14.44		 10.81		 10.11		 9.24		 9.56		 8.66		 11.61		 8.38	
106		 8.53		 12.30		 16.26		 11.00		 11.25		 13.64		 11.20		 9.98		 14.96		 9.48	
111		 10.97		 13.71		 13.95		 10.71		 13.70		 11.98		 12.88		 13.75		 10.70		 13.17	
116		 14.48		 11.31		 18.22		 13.37		 12.08		 8.55		 15.89		 14.05		 11.96		 10.30	
121		 15.41		 12.34		 9.39		 9.61		 22.13		 15.60		 11.54		 21.26		 16.23		 15.52	
126		 16.45		 19.06		 16.78		 10.87		 14.52		 9.22		 19.44		 15.74		 22.50		 20.92	
131		 16.61		 17.31		 14.51		 17.02		 19.11		 21.42		 10.69		 17.81		 12.57		 17.86	
136		 17.60		 14.57		 16.24		 14.92		 17.68		 19.17		 18.48		 12.66		 28.46		 14.72	
141		 20.37		 20.51		 17.77		 21.24		 16.23		 17.81		 20.57		 16.02		 15.86		 16.32	
146		 25.55		 12.99		 13.74		 14.39		 23.36		 15.73		 22.13		 30.39		 17.29		 20.74	
151		 34.36		 20.85		 21.43		 16.20		 22.85		 34.07		 22.25		 21.35		 27.98		 26.56	
156		 31.73		 28.16		 16.80		 40.19		 37.13		 26.48		 19.37		 25.09		 20.43		 17.34	
161		 27.86		 21.49		 27.52		 29.29		 20.86		 21.62		 34.30		 32.66		 24.15		 32.47	
166		 27.92		 28.45		 23.62		 29.89		 28.84		 20.27		 26.62		 25.05		 21.21		 25.38	
171		 17.86		 26.53		 28.25		 25.56		 22.24		 34.74		 28.32		 30.66		 46.28		 32.94	
176		 47.56		 33.22		 25.18		 35.50		 45.84		 39.24		 47.65		 35.50		 28.45		 58.71	
181		 34.12		 28.22		 34.41		 34.87		 38.15		 28.50		 24.92		 45.02		 44.54		 40.65	
186		 48.55		 33.54		 38.66		 46.13		 32.70		 44.41		 28.47		 41.18		 46.94		 37.01	
191		 48.11		 37.58		 57.33		 36.60		 27.73		 32.09		 44.24		 32.03		 41.59		 41.21	
196		 40.97		 38.34		 62.25		 59.43		 43.70		 37.05		 34.98		 55.72		 42.32		 52.05	
201		 51.62		 81.46		 83.34		 28.26		 30.91		 28.19		 40.35		 55.70		 38.38		 45.95	
