#Number of gate                  #BASE
1                    	 0.22
11                    	 0.74
21                    	 1.12
31                    	 2.41
41                    	 2.23
51                    	 3.52
61                    	 4.22
71                    	 5.21
81                    	 10.01
91                    	 10.87
101                    	 22.30
111                    	 22.00
121                    	 21.52
131                    	 24.82
141                    	 34.71
151                    	 46.18
161                    	 38.83
171                    	 82.52
181                    	 60.73
191                    	 96.74
201                    	 84.25
