#	c432					c499					c880					c1355					c1908					c2670			c3540					c5315					c7552		
#	max		min		avg		max		min		avg		max		min		avg		max		min		avg		max		min		avg		max		min		avg		max		min		avg		max		min		avg		max		min		avg
1	0.13	0.09	0.107	0.2		0.13	0.173	0.4		0.24	0.298	0.33	0.2		0.284	0.54	0.3		0.426	0.6		0.4		0.518	2.48	1.49	2.054	1.45	1.06	1.3		2.02	1.52	1.791
6	0.36	0.19	0.278	0.54	0.25	0.394	0.63	0.33	0.481	0.66	0.29	0.498	1.05	0.52	0.723	1.4		0.7		1.061	4.16	2.29	3.097	3.48	1.78	2.485	3.65	2.14	2.873
11	0.92	0.19	0.473	1.15	0.32	0.68	1.13	0.56	0.84	1.45	0.44	0.985	1.26	0.64	0.977	2.15	0.72	1.559	4.54	2.73	3.637	5.32	2.31	3.581	4.95	2.28	4.059
16	1.35	0.45	0.66	1.17	0.44	0.763	1.38	0.72	1.005	3.53	1.02	1.573	1.86	0.58	1.338	3.44	1.39	2.063	4.6		2.99	3.926	5.66	2.53	3.9		7		3.45	5.013
21	1.72	0.51	0.929	3.74	0.41	1.426	1.65	0.94	1.318	2.37	0.88	1.544	1.93	0.78	1.345	4.4		1.47	2.592	6.1		3.41	4.602	7.64	3.07	5.036	9.42	4.31	6.685
26	2.24	0.97	1.542	3.46	0.57	1.928	2.31	1.18	1.556	3.81	1.09	2.55	2.29	0.94	1.593	5.08	2.05	3.336	7.2		4.25	5.442	8.55	4.4		6.28	10.2	5.03	7.597
31	4.42	0.9		1.738	3.95	1.04	2.066	2.34	1.03	1.784	5.31	1.24	2.68	2.79	1.61	2.099	5.51	2.7		4.259	10.78	4.69	6.394	8.27	4.89	6.767	10.53	5.31	8.498
36	4.49	1.49	2.335	4.47	1.3		2.856	3.75	1.75	2.436	5.11	1.58	3.138	3.54	1.64	2.597	9.09	3.48	5.915	7.93	5.34	6.604	16.26	5.29	8.428	14.97	5.2		8.923
41	6.41	1.7	3	.393	10.34	1.3		5.831	3.46	1.64	2.481	7.13	2.33	3.757	4.22	2.06	3.168	8.72	4.56	6.148	9.93	4.38	7.436	10.83	6.82	8.296	15.83	7.35	11.47
46	7.54	1.86	3.94	7.21	2.38	4.336	4.11	1.96	3.051	11.87	2		6.325	4.74	1.66	3.064	10.2	5.47	7.147	10.75	6.46	8.387	12.39	6.08	9.303	17.03	10.57	13.795
51	4.77	2.16	3.496	10.3	2.4		5.529	4.96	2.73	3.493	11.17	1.94	5.046	4.9		2.55	3.897	12.08	5.4		8.589	12.89	7.4		9.204	15.49	7.9		10.76	18.02	8.82	12.933
56	6.43	2.99	4.73	12.32	2.67	6.363	4.67	3		3.675	17.48	3.89	7.568	7.69	1.82	4.101	15.8	5.78	9.422	13.37	7.77	10.074	21.91	8.97	12.23	25.46	10.92	16.001
61	7.57	3.58	5.48	9.05	3.1		5.662	6.68	3.17	4.477	17.67	2.65	9.64	8.71	3.01	5.633	15.84	5.78	10.727	12.55	8.57	10.33	16.45	8.11	11.583	19.4	11.06	14.851
66	10.72	2.63	6.228	19.59	3.63	9.438	7.32	3.05	4.704	24.37	6		11.782	6.4		3.51	4.876	25.24	8.48	14.317	14.43	8.83	11.594	21.58	9.99	14.829	24.47	13.05	18.196
71	12.74	5.09	8.987	20.61	3.56	9.393	6.48	3.3		5.21	19.8	6.79	11.949	12.6	3.52	7.071	21.36	10.7	15.259	19.51	9.44	12.665	18.39	10.17	14.802	27.5	15.29	19.877
76	17.38	4.44	9.485	26.05	4.97	13.127	9.15	3.63	5.54	24.57	4.52	14.413	9.83	3.89	6.461	20.82	9.28	12.961	18.69	8.87	14.351	20.19	11.79	15.012	30.54	12.75	20.73
81	16.57	5.95	9.671	15.99	5.17	8.495	8.67	4.05	6.69	32.01	4.54	13.478	9.39	4.44	6.255	26.57	8.65	18.159	18.26	11.14	14.735	27.81	11.01	17.674	28.5	13.86	22.197
86	14.68	6.57	9.145	13.31	3.66	9.761	13.95	4.73	7.449	62.19	7.21	26.17	13.94	6.2		8.639	27.43	9.05	19.18	23.99	13.26	16.176	34.53	11.23	20.616	36.22	18.56	27.785
91	15.2	5.86	11.058	39.14	10.61	19.63	9.36	4.82	6.991	100.07	8.1		32.983	18.57	5.94	10.97	66.56	10.09	28.846	19.94	13.18	16.349	24.39	14.14	18.256	35.85	17.83	24.546
96	24.21	10.27	13.513	24.76	9.79	15.252	8.92	4.69	6.903	106.9	12.14	37.348	11.56	6.1		9.014	51.21	13.92	28.046	27		12.1	18.082	32.3	15.88	22.587	48.34	18.24	30.946
101	19.22	7.36	14.271	39.19	11.08	17.883	10.98	6.56	8.778	52.92	9.7		22.714	14.13	6.21	9.62	241.04	20.83	66.186	21.09	12.38	16.573	37.66	11.22	21.657	46.85	19.15	29.727
106	30.75	7.53	14.882	161.52	7.42	40.397	14.15	5.95	9.34	130.68	16.16	63.386	26.23	4.27	11.356	61.09	16.62	32.596	26.35	15.27	20.651	26.68	12.63	21.882	60.69	25.38	36.062
111	34.27	11.66	16.756	28.73	9.47	18.95	13.46	7.48	10.437	96.43	10.86	35.917	26.39	7.2		13.042	110.54	26.97	47.623	28.52	12.11	20.442	36.39	17.44	25.641	45.28	20.58	32.437
116	22.9	10.32	16.218	56.84	9.61	25.551	14.12	6.75	9.615	513.63	16.73	100.885	12.14	9.01	10.922	116.69	19.67	65.188	23.89	14.26	19.53	35.07	22.17	26.636	57.66	21.79	36.996
121	31.69	12.65	21.571	53.72	16.57	29.277	20.56	7.28	11.782	68.04	12.13	33.411	25.74	9.35	16.31	66.34	25.62	41.792	26.83	16.15	21.424	47.07	17.1	27.519	63.76	27.99	38.507
126	34.64	13.02	23.002	48.18	16.24	30.632	15.01	6.77	11.354	370.57	24.83	100.066	21.43	10.09	14.938	236.24	23.58	74.288	24.74	18.42	22.523	40.51	22.16	28.022	51.87	25.34	35.201
131	36.03	16.98	26.112	59.62	18.42	33.819	18.54	8.16	13.327	623.36	16.41	181.622	25.24	10.31	16.914	981.93	24.54	177.811	30.07	21.28	25.613	40.4	14.96	27.527	86.84	31.91	51.727
136	115.45	16.27	33.993	66.34	17.95	30.822	17.24	8.4		12.737	201.31	33.41	80.119	35.21	10.58	20.098	213.99	31.62	97.508	29.57	20.72	26.076	47.48	21.59	31.977	71.33	32.31	44.417
141	38.24	21.1	27.704	105.65	13.58	47.157	16.01	10.72	13.514	703.33	24.52	188.004	30.23	11.4	19.304	187.21	24.72	79.771	44.11	21.91	29.48	54.64	25.46	35.423	85.35	30.38	51.005
146	56.95	18.44	35.486	191.61	21.48	65.545	19.97	9.57	14.401	160.95	18.57	89.009	44.5	12.76	21.78	288.1	47.55	130.465	36.04	18.75	30.7	51.8	26.41	39.406	87.75	41.39	59.202
151	43.5	13.4	28.035	69.49	22.91	40.076	21.2	11.02	16.079	759.74	42.25	200.376	43.67	14.66	26.438	198.16	51.89	99.584	43.58	23.32	31.287	67.51	21.99	41.594	74.5	32.12	53.082
156	50.84	17.26	33.896	73.23	24.82	42.508	22.2	10.16	15.6	754.31	39.62	163.016	51.14	13.29	24.707	291.51	46.98	128.991	47.65	26.91	34.321	59.07	23.82	39.734	97.03	29.7	56.246
161	106.4	26.31	45.575	764.8	29.31	152.828	24.49	14.44	18.123	2576.26	39.01	385.852	43.48	17.62	29.86	320.63	34.25	135.636	44.65	27.53	34.397	63.51	28.19	43.41	103.01	39.01	66.065
166	107.82	32.14	51.961	139.93	28.38	72.54	27.47	12.49	19.497	208.53	47.85	123.071	59.31	19.26	33.642	221.36	32.69	123.484	39.97	27.14	34.184	88.24	29.82	43.824	91.96	39.27	65.876
171	98.76	30.89	56.54	163.4	33.72	78.406	27.13	14.64	20.121	550.25	27.97	233.629	58.52	19.21	34.668	512.91	52.67	196.046	50.79	32.09	37.729	61.61	28.32	44.523	90.33	45.42	66.325
176	117.45	35.42	59.495	122.16	51.79	85.595	28.13	16.66	22.295	639.83	70.1	209.1	41.95	24.54	33.227	534.32	48.79	163.574	49.61	28.97	35.398	55.57	28.34	42.493	69.01	40.8	54.233
181	323		43.11	112.805	165.49	25.81	96.466	38.73	16.09	24.652	2565.82	26.88	514.891	51.19	22.58	35.597	277.98	32.82	105.288	56.13	30.51	41.823	57.88	26.7	47.529	79.65	40.45	58.173
186	224.98	41.46	86.724	252.77	48.12	105.6	41.04	17.84	23.888	1890.01	73.31	603.51	97.6	33.37	46.195	445.39	63.78	146.036	50.07	31.29	38.396	68.3	47.24	56.756	108.79	49.22	69.087
191	129.25	43.71	63.276	162.23	55.41	99.663	31.19	16.13	23.788	2807.74	55.55	664.564	78.35	19.62	40.725	711.49	30.62	151.951	62.96	30.82	41.8	79.66	38.63	55.244	121.6	47.8	76.903
196	176.52	36.73	88.248	329.11	51.35	120.117	29.26	18.51	25.566	1712.4	27.59	428.156	115.5	18.87	53.199	789.78	71.24	418.014	54.13	34.01	41.393	64.7	39.04	52.972	134.89	40.83	76.321
201	504.9	38.94	158.911	213.6	29.64	121.749	29.54	20.64	26.149	409.66	54.68	212.498	72.69	26.33	50.184	3604.62	67.07	554.233	68.91	35.77	46.032	87.32	49.03	63.046	90.97	41.32	65.947