#MUX2			#DUM			#MUX2/AMOUNT			#Time
99			1			99.0			1.90204405785
98			2			98.0			1.67117500305
97			3			97.0			1.74909806252
96			4			96.0			1.83382081985
95			5			95.0			1.99401378632
94			6			94.0			2.24184703827
93			7			93.0			2.46856713295
92			8			92.0			2.72917509079
91			9			91.0			2.16769886017
90			10			90.0			2.61523890495
89			11			89.0			2.91311693192
88			12			88.0			2.58285593987
87			13			87.0			2.26793003082
86			14			86.0			3.28670787811
85			15			85.0			3.01963090897
84			16			84.0			2.49469089508
83			17			83.0			2.76218986511
82			18			82.0			3.14087700844
81			19			81.0			4.0959751606
80			20			80.0			4.63232016563
79			21			79.0			3.41466093063
78			22			78.0			4.18491005898
77			23			77.0			2.9466650486
76			24			76.0			3.33493304253
75			25			75.0			6.41461205482
74			26			74.0			4.3689198494
73			27			73.0			5.3706240654
72			28			72.0			8.00493502617
71			29			71.0			4.07183909416
70			30			70.0			3.96119379997
69			31			69.0			5.40420198441
68			32			68.0			5.86793208122
67			33			67.0			3.05573415756
66			34			66.0			5.36533689499
65			35			65.0			6.16983008385
64			36			64.0			5.20697999001
63			37			63.0			4.21076989174
62			38			62.0			3.64778900146
61			39			61.0			5.09830212593
60			40			60.0			4.53832292557
59			41			59.0			6.17342805862
58			42			58.0			5.81840109825
57			43			57.0			5.07137799263
56			44			56.0			5.95759606361
55			45			55.0			6.09914493561
54			46			54.0			9.63742780685
53			47			53.0			8.24567484856
52			48			52.0			7.83994007111
51			49			51.0			6.45318198204
50			50			50.0			8.11726784706
49			51			49.0			5.94992494583
48			52			48.0			6.4902908802
47			53			47.0			4.82281208038
46			54			46.0			5.51998400688
45			55			45.0			7.4556350708
44			56			44.0			13.0759489536
43			57			43.0			9.97206401825
42			58			42.0			5.63268184662
41			59			41.0			12.04925704
40			60			40.0			10.0020680428
39			61			39.0			9.14956402779
38			62			38.0			5.78670501709
37			63			37.0			8.39088392258
36			64			36.0			10.9342570305
35			65			35.0			7.79352092743
34			66			34.0			7.84121394157
33			67			33.0			5.13178300858
32			68			32.0			10.2612519264
31			69			31.0			6.47292280197
30			70			30.0			14.9638299942
29			71			29.0			7.3282790184
28			72			28.0			6.19333600998
27			73			27.0			5.6395611763
26			74			26.0			12.7661151886
25			75			25.0			9.355946064
24			76			24.0			8.37540507317
23			77			23.0			13.9732542038
22			78			22.0			9.31128787994
21			79			21.0			10.1188240051
20			80			20.0			11.0072200298
19			81			19.0			11.2825460434
18			82			18.0			9.9945268631
17			83			17.0			6.35885095596
16			84			16.0			13.7770559788
15			85			15.0			17.27779603
14			86			14.0			7.88404083252
13			87			13.0			7.04988098145
12			88			12.0			14.9862349033
11			89			11.0			12.681607008
10			90			10.0			14.2981538773
9			91			9.0			9.69386482239
8			92			8.0			8.60441994667
7			93			7.0			8.41838407516
6			94			6.0			15.0929200649
5			95			5.0			8.83203411102
4			96			4.0			6.98035597801
3			97			3.0			12.9791340828
2			98			2.0			14.9423849583
1			99			1.0			7.83045387268
