#MUX2			#DUM			#MUX2/AMOUNT			#Time		#number of function/total
99			1			99.0			1.90204405785		1.0
98			2			98.0			1.67117500305		1.0
97			3			97.0			1.74909806252		1.0
96			4			96.0			1.83382081985		1.0
95			5			95.0			1.99401378632		1.0
94			6			94.0			2.24184703827		1.0
93			7			93.0			2.46856713295		1.0
92			8			92.0			2.72917509079		1.0
91			9			91.0			2.16769886017		1.0
90			10			90.0			2.61523890495		1.0
89			11			89.0			2.91311693192		1.0
88			12			88.0			2.58285593987		1.0
87			13			87.0			2.26793003082		1.0
86			14			86.0			3.28670787811		1.0
85			15			85.0			3.01963090897		1.0
84			16			84.0			2.49469089508		1.0
83			17			83.0			2.76218986511		1.0
82			18			82.0			3.14087700844		1.0
81			19			81.0			4.0959751606		1.0
80			20			80.0			4.63232016563		1.0
79			21			79.0			3.41466093063		1.0
78			22			78.0			4.18491005898		1.0
77			23			77.0			2.9466650486		1.0
76			24			76.0			3.33493304253		1.0
75			25			75.0			6.41461205482		1.0
74			26			74.0			4.3689198494		1.0
73			27			73.0			5.3706240654		1.0
72			28			72.0			8.00493502617		1.0
71			29			71.0			4.07183909416		1.0
70			30			70.0			3.96119379997		1.0
69			31			69.0			5.40420198441		1.0
68			32			68.0			5.86793208122		1.0
67			33			67.0			3.05573415756		1.0
66			34			66.0			5.36533689499		1.0
65			35			65.0			6.16983008385		1.0
64			36			64.0			5.20697999001		1.0
63			37			63.0			4.21076989174		1.0
62			38			62.0			3.64778900146		0.9999998
61			39			61.0			5.09830212593		0.9999976
60			40			60.0			4.53832292557		0.9999715
59			41			59.0			6.17342805862		0.9996579
58			42			58.0			5.81840109825		0.9959102
57			43			57.0			5.07137799263		0.9530347
56			44			56.0			5.95759606361		0.6283947
55			45			55.0			6.09914493561		0.1235136
54			46			54.0			9.63742780685		0.0116069
53			47			53.0			8.24567484856		0.0009776
52			48			52.0			7.83994007111		8.15e-05
51			49			51.0			6.45318198204		6.8e-06
50			50			50.0			8.11726784706		6e-07
49			51			49.0			5.94992494583		0.0
48			52			48.0			6.4902908802		0.0
47			53			47.0			4.82281208038		0.0
46			54			46.0			5.51998400688		0.0
45			55			45.0			7.4556350708		0.0
44			56			44.0			13.0759489536		0.0
43			57			43.0			9.97206401825		0.0
42			58			42.0			5.63268184662		0.0
41			59			41.0			12.04925704		0.0
40			60			40.0			10.0020680428		0.0
39			61			39.0			9.14956402779		0.0
38			62			38.0			5.78670501709		0.0
37			63			37.0			8.39088392258		0.0
36			64			36.0			10.9342570305		0.0
35			65			35.0			7.79352092743		0.0
34			66			34.0			7.84121394157		0.0
33			67			33.0			5.13178300858		0.0
32			68			32.0			10.2612519264		0.0
31			69			31.0			6.47292280197		0.0
30			70			30.0			14.9638299942		0.0
29			71			29.0			7.3282790184		0.0
28			72			28.0			6.19333600998		0.0
27			73			27.0			5.6395611763		0.0
26			74			26.0			12.7661151886		0.0
25			75			25.0			9.355946064		0.0
24			76			24.0			8.37540507317		0.0
23			77			23.0			13.9732542038		0.0
22			78			22.0			9.31128787994		0.0
21			79			21.0			10.1188240051		0.0
20			80			20.0			11.0072200298		0.0
19			81			19.0			11.2825460434		0.0
18			82			18.0			9.9945268631		0.0
17			83			17.0			6.35885095596		0.0
16			84			16.0			13.7770559788		0.0
15			85			15.0			17.27779603		0.0
14			86			14.0			7.88404083252		0.0
13			87			13.0			7.04988098145		0.0
12			88			12.0			14.9862349033		0.0
11			89			11.0			12.681607008		0.0
10			90			10.0			14.2981538773		0.0
9			91			9.0			9.69386482239		0.0
8			92			8.0			8.60441994667		0.0
7			93			7.0			8.41838407516		0.0
6			94			6.0			15.0929200649		0.0
5			95			5.0			8.83203411102		0.0
4			96			4.0			6.98035597801		0.0
3			97			3.0			12.9791340828		0.0
2			98			2.0			14.9423849583		0.0
1			99			1.0			7.83045387268		0.0

