#MUX2			#DUM			#MUX2/AMOUNT			#Time
199			1			99.0			3.82959103584
198			2			99.0			4.03636598587
197			3			98.0			4.13054585457
196			4			98.0			3.79942989349
195			5			97.0			4.24602007866
194			6			97.0			4.62266993523
193			7			96.0			5.17006397247
192			8			96.0			4.38223004341
191			9			95.0			4.31476902962
190			10			95.0			4.45008015633
189			11			94.0			5.21167492867
188			12			94.0			4.49366307259
187			13			93.0			4.75086808205
186			14			93.0			5.87036085129
185			15			92.0			5.29633498192
184			16			92.0			5.84574007988
183			17			91.0			6.40389108658
182			18			91.0			5.47061896324
181			19			90.0			5.97362303734
180			20			90.0			5.90758895874
179			21			89.0			5.82506990433
178			22			89.0			6.93559288979
177			23			88.0			6.37073588371
176			24			88.0			7.64733791351
175			25			87.0			6.01003789902
174			26			87.0			6.51562309265
173			27			86.0			7.20816111565
172			28			86.0			5.99201703072
171			29			85.0			5.76353096962
170			30			85.0			6.32062292099
169			31			84.0			6.60792803764
168			32			84.0			9.58375406265
167			33			83.0			7.5123090744
166			34			83.0			6.7477581501
165			35			82.0			5.74041295052
164			36			82.0			7.06695103645
163			37			81.0			8.36256313324
162			38			81.0			7.15887904167
161			39			80.0			7.26980996132
160			40			80.0			9.53070807457
159			41			79.0			7.53188109398
158			42			79.0			7.15066194534
157			43			78.0			6.59006404877
156			44			78.0			7.16815400124
155			45			77.0			9.71384000778
154			46			77.0			10.0507311821
153			47			76.0			8.83618187904
152			48			76.0			8.45035195351
151			49			75.0			8.07374405861
150			50			75.0			12.8120210171
149			51			74.0			9.98020291328
148			52			74.0			10.0366039276
147			53			73.0			7.56314182281
146			54			73.0			8.79489898682
145			55			72.0			9.46530103683
144			56			72.0			8.11645388603
143			57			71.0			12.1883621216
142			58			71.0			10.6401810646
141			59			70.0			13.4281189442
140			60			70.0			11.6012508869
139			61			69.0			9.12965607643
138			62			69.0			11.695374012
137			63			68.0			10.2012789249
136			64			68.0			13.3614311218
135			65			67.0			12.8339138031
134			66			67.0			17.6000828743
133			67			66.0			8.84372186661
132			68			66.0			8.36306786537
131			69			65.0			11.8842971325
130			70			65.0			10.8962330818
129			71			64.0			9.80205106735
128			72			64.0			8.32677602768
127			73			63.0			12.5196650028
126			74			63.0			8.02183508873
125			75			62.0			10.4384710789
124			76			62.0			9.96458792686
123			77			61.0			17.3037359715
122			78			61.0			14.9421670437
121			79			60.0			12.5746879578
120			80			60.0			12.5083670616
119			81			59.0			11.521173954
118			82			59.0			17.1956939697
117			83			58.0			9.44729804993
116			84			58.0			10.5112810135
115			85			57.0			10.8028850555
114			86			57.0			13.9162380695
113			87			56.0			15.8378810883
112			88			56.0			14.6252450943
111			89			55.0			16.1867241859
110			90			55.0			10.8914029598
109			91			54.0			14.0821819305
108			92			54.0			14.2206368446
107			93			53.0			12.7973649502
106			94			53.0			9.58081793785
105			95			52.0			10.442497015
104			96			52.0			15.1054170132
103			97			51.0			14.2560689449
102			98			51.0			14.8317940235
101			99			50.0			12.4605240822
100			100			50.0			13.595995903
99			101			49.0			14.5186400414
98			102			49.0			15.4782140255
97			103			48.0			10.7374880314
96			104			48.0			19.1960680485
95			105			47.0			19.4337689877
94			106			47.0			15.5267491341
93			107			46.0			13.4334359169
92			108			46.0			18.4927661419
91			109			45.0			17.4901900291
90			110			45.0			15.6134388447
89			111			44.0			17.490555048
88			112			44.0			14.2612161636
87			113			43.0			12.1444129944
86			114			43.0			13.6323699951
85			115			42.0			12.4769151211
84			116			42.0			16.631223917
83			117			41.0			17.0812001228
82			118			41.0			11.8713600636
81			119			40.0			12.6049559116
80			120			40.0			18.597889185
79			121			39.0			17.5435709953
