
#gate	 #BASE
1		 0.19
2		 0.22
3		 0.25
4		 0.30
5		 0.34
6		 0.45
7		 0.41
8		 0.61
9		 0.45
10		 0.48
11		 0.63
12		 0.67
13		 0.68
14		 0.74
15		 1.01
16		 1.17
17		 1.08
18		 1.44
19		 1.67
20		 1.55
21		 1.63
22		 1.88
23		 2.17
24		 1.69
25		 1.68
26		 2.49
27		 2.06
28		 1.92
29		 2.36
30		 2.61
31		 2.60
32		 2.43
33		 2.47
34		 2.94
35		 2.81
36		 2.77
37		 2.89
38		 3.13
39		 3.53
40		 2.69
41		 3.46
42		 2.64
43		 3.10
44		 3.17
45		 2.72
46		 2.84
47		 3.65
48		 3.78
49		 2.70
50		 3.24
51		 3.77
52		 4.94
53		 3.74
54		 3.54
55		 4.04
56		 4.33
57		 3.75
58		 4.44
59		 5.35
60		 5.03
61		 5.06
62		 4.79
63		 4.77
64		 5.58
65		 5.87
66		 5.87
67		 5.21
68		 4.72
69		 5.28
70		 4.85
71		 6.50
72		 6.14
73		 5.46
74		 5.61
75		 8.39
76		 7.07
77		 5.41
78		 7.52
79		 6.82
80		 6.26
81		 6.40
82		 7.88
83		 6.02
84		 6.66
85		 9.22
86		 10.03
87		 6.06
88		 9.74
89		 8.01
90		 7.60
91		 9.47
92		 9.91
93		 7.26
94		 8.45
95		 9.04
96		 7.18
97		 9.19
98		 10.90
99		 9.18
100		 8.62
101		 9.21
102		 8.92
103		 9.69
104		 8.06
105		 9.17
106		 10.77
107		 10.24
108		 7.68
109		 9.34
110		 11.00
111		 16.98
112		 10.04
113		 8.26
114		 11.16
115		 9.32
116		 13.33
117		 14.04
118		 9.65
119		 11.72
120		 14.70
121		 13.18
122		 12.20
123		 11.86
124		 10.86
125		 16.45
126		 12.89
127		 14.02
128		 14.87
129		 15.22
130		 17.34
131		 17.62
132		 16.62
133		 11.38
134		 19.12
135		 14.54
136		 15.87
137		 18.02
138		 17.26
139		 18.09
140		 23.20
141		 14.93
142		 20.35
143		 23.98
144		 19.49
145		 19.98
146		 19.29
147		 21.58
148		 16.90
149		 20.03
150		 20.31
151		 15.53
152		 25.44
153		 15.57
154		 21.69
155		 25.23
156		 18.79
157		 23.91
158		 21.39
159		 27.24
160		 30.20
161		 24.86
162		 32.80
163		 22.48
164		 30.24
165		 30.55
166		 25.46
167		 25.53
168		 37.78
169		 29.22
170		 21.42
171		 38.90
172		 26.38
173		 35.09
174		 26.22
175		 21.13
176		 29.86
177		 35.99
178		 34.79
179		 39.00
180		 27.46
181		 28.58
182		 30.00
183		 31.64
184		 45.79
185		 37.80
186		 30.46
187		 37.75
188		 34.56
189		 41.95
190		 51.44
191		 43.51
192		 64.66
193		 38.42
194		 38.04
195		 64.61
196		 61.30
197		 74.48
198		 49.86
199		 43.87
200		 52.42
201		 55.43
