
#gate	 #BASE
1		 1.56
2		 2.00
3		 1.93
4		 2.46
5		 2.09
6		 3.31
7		 2.80
8		 3.09
9		 3.56
10		 4.18
11		 3.91
12		 3.71
13		 4.52
14		 4.07
15		 5.52
16		 5.23
17		 5.00
18		 4.59
19		 5.01
20		 5.05
21		 5.75
22		 6.49
23		 6.28
24		 6.77
25		 6.28
26		 9.28
27		 8.72
28		 9.50
29		 9.70
30		 9.57
31		 6.72
32		 8.67
33		 8.26
34		 8.42
35		 8.80
36		 9.98
37		 9.43
38		 11.41
39		 16.44
40		 10.93
41		 11.20
42		 13.62
43		 11.25
44		 13.50
45		 11.38
46		 9.46
47		 11.23
48		 13.26
49		 10.99
50		 13.56
51		 14.51
52		 14.88
53		 14.39
54		 15.60
55		 18.19
56		 13.24
57		 24.04
58		 13.10
59		 12.33
60		 17.86
61		 15.93
62		 18.08
63		 17.52
64		 16.81
65		 15.28
66		 16.17
67		 13.47
68		 18.92
69		 19.81
70		 19.04
71		 17.24
72		 19.43
73		 24.59
74		 25.01
75		 21.39
76		 17.81
77		 22.71
78		 19.06
79		 20.47
80		 25.31
81		 24.63
82		 20.47
83		 21.04
84		 22.68
85		 19.09
86		 23.11
87		 33.74
88		 27.51
89		 23.09
90		 23.95
91		 29.62
92		 25.84
93		 27.97
94		 34.94
95		 37.60
96		 25.94
97		 29.61
98		 29.06
99		 27.45
100		 29.07
101		 32.67
102		 29.77
103		 31.14
104		 32.87
105		 31.94
106		 41.78
107		 49.78
108		 52.98
109		 32.41
110		 44.17
111		 28.97
112		 43.44
113		 43.69
114		 43.60
115		 33.85
116		 39.59
117		 39.92
118		 50.13
119		 46.73
120		 46.63
121		 40.64
122		 46.40
123		 51.01
124		 60.91
125		 87.68
126		 92.87
127		 84.10
128		 63.33
129		 49.48
130		 56.18
131		 46.50
132		 57.30
133		 53.14
134		 45.32
135		 56.75
136		 66.26
137		 111.10
138		 64.73
139		 55.03
140		 62.54
141		 69.31
142		 66.01
143		 51.51
144		 71.71
145		 54.65
146		 48.73
147		 56.17
148		 50.79
149		 66.23
150		 44.89
151		 48.66
152		 49.26
153		 53.96
154		 42.55
155		 50.61
156		 62.09
157		 61.95
158		 46.61
159		 90.78
160		 52.93
161		 56.10
162		 62.24
163		 65.32
164		 50.94
165		 67.64
166		 65.77
167		 60.79
168		 70.11
169		 73.20
170		 78.58
171		 55.04
172		 62.97
173		 93.00
174		 79.99
175		 76.18
176		 74.92
177		 76.92
178		 69.05
179		 109.48
180		 76.03
181		 58.10
182		 74.04
183		 81.95
184		 85.96
185		 83.48
186		 86.86
187		 81.89
188		 92.12
189		 91.96
190		 78.19
191		 92.25
192		 70.71
193		 81.68
194		 78.53
195		 88.67
196		 57.69
197		 94.13
198		 82.82
199		 91.88
200		 86.72
201		 109.42
